Table [[3,1,0,4,2],[2,4,1,3,0],[4,0,2,1,3],[1,2,3,0,4],[0,3,4,2,1]]
Table [[2,1,4,0,3],[4,2,0,3,1],[1,3,2,4,0],[3,0,1,2,4],[0,4,3,1,2]]
Table [[1,2,3,0,4],[3,1,0,4,2],[2,4,1,3,0],[4,0,2,1,3],[0,3,4,2,1]]
Table [[0,4,3,1,2],[3,0,2,4,1],[4,1,0,2,3],[2,3,1,0,4],[1,2,4,3,0]]
Table [[1,3,0,2,4],[2,1,4,0,3],[4,0,1,3,2],[3,4,2,1,0],[0,2,3,4,1]]
Table [[0,2,4,1,3],[3,0,2,4,1],[1,3,0,2,4],[4,1,3,0,2],[2,4,1,3,0]]
Table [[0,6,3,7,5,2,4,1],[2,4,1,5,7,0,6,3],[6,0,7,3,1,4,2,5],[4,2,5,1,3,6,0,7],[7,3,6,0,2,5,1,4],[1,5,2,4,6,3,7,0],[3,7,0,6,4,1,5,2],[5,1,4,2,0,7,3,6]]
Table [[0,2,5,6,3,4,7,1],[3,4,6,5,0,2,1,7],[6,1,3,0,5,7,4,2],[2,0,7,1,4,3,5,6],[1,6,4,2,7,5,3,0],[7,5,2,4,1,6,0,3],[5,7,0,3,6,1,2,4],[4,3,1,7,2,0,6,5]]
Table [[0,2,3,7,1,6,4,5],[2,0,4,5,6,1,3,7],[3,4,0,1,7,5,2,6],[7,5,1,0,3,4,6,2],[1,6,7,3,0,2,5,4],[6,1,5,4,2,0,7,3],[4,3,2,6,5,7,0,1],[5,7,6,2,4,3,1,0]]
Table [[0,2,4,7,5,1,3,8,6],[1,3,0,2,6,4,7,5,8],[2,5,7,8,0,3,6,4,1],[3,6,2,5,1,7,8,0,4],[4,7,1,3,8,0,2,6,5],[5,0,8,4,2,6,1,7,3],[6,1,5,0,3,8,4,2,7],[7,8,3,6,4,2,5,1,0],[8,4,6,1,7,5,0,3,2]]
Table [[0,2,5,6,7,8,1,3,4],[3,4,0,1,6,2,7,5,8],[6,3,7,8,4,0,2,1,5],[4,6,2,5,3,7,0,8,1],[5,8,3,7,1,4,6,0,2],[1,5,6,2,8,3,4,7,0],[7,0,1,4,2,5,8,6,3],[8,1,4,0,5,6,3,2,7],[2,7,8,3,0,1,5,4,6]]
Table [[0,2,4,8,6,1,7,3,5],[3,0,1,5,4,6,8,2,7],[8,7,0,4,2,3,6,5,1],[4,6,8,0,7,5,2,1,3],[5,8,3,1,0,2,4,7,6],[7,5,2,6,3,0,1,8,4],[1,4,5,3,8,7,0,6,2],[2,3,6,7,1,4,5,0,8],[6,1,7,2,5,8,3,4,0]]
Table [[0,3,1,5,2,7,4,8,6],[2,5,4,8,7,0,6,3,1],[4,7,3,0,6,1,5,2,8],[1,2,8,7,4,6,3,0,5],[6,0,5,2,1,4,8,7,3],[3,6,2,1,5,8,7,4,0],[8,4,0,6,3,5,2,1,7],[5,1,7,4,8,3,0,6,2],[7,8,6,3,0,2,1,5,4]]
Table [[0,2,8,4,5,1,7,3,6],[3,0,5,7,1,8,6,2,4],[4,6,0,8,3,2,5,7,1],[8,1,4,0,7,6,3,5,2],[6,7,2,1,0,3,8,4,5],[7,4,3,5,2,0,1,6,8],[1,5,6,2,4,7,0,8,3],[2,3,1,6,8,5,4,0,7],[5,8,7,3,6,4,2,1,0]]
Table [[0,3,1,5,2,7,4,8,6],[2,4,3,8,7,0,6,5,1],[4,7,6,0,1,3,5,2,8],[1,5,8,2,4,6,3,0,7],[6,0,5,1,8,4,2,7,3],[3,6,2,7,5,1,8,4,0],[8,2,0,6,3,5,7,1,4],[5,1,7,4,6,8,0,3,2],[7,8,4,3,0,2,1,6,5]]
Table [[0,8,1,2,3,4,5,6,7],[2,7,3,6,4,1,8,0,5],[3,6,8,4,7,5,2,1,0],[4,0,7,1,5,8,6,3,2],[5,3,0,8,2,6,1,7,4],[6,5,4,0,1,3,7,2,8],[7,1,6,5,0,2,4,8,3],[8,4,2,7,6,0,3,5,1],[1,2,5,3,8,7,0,4,6]]
Table [[0,2,3,4,6,7,8,1,5],[3,1,5,2,8,6,7,4,0],[4,6,2,7,3,0,5,8,1],[6,5,8,3,1,2,4,0,7],[8,0,7,5,4,1,2,3,6],[1,7,4,8,0,5,3,6,2],[5,4,0,1,7,8,6,2,3],[2,8,1,6,5,3,0,7,4],[7,3,6,0,2,4,1,5,8]]
Table [[0,2,4,7,3,8,1,5,6],[3,1,7,5,6,2,8,4,0],[7,6,2,1,5,3,0,8,4],[8,7,0,3,2,4,5,6,1],[5,0,1,8,4,6,3,2,7],[1,4,6,0,8,5,7,3,2],[4,3,8,2,7,0,6,1,5],[6,8,5,4,0,1,2,7,3],[2,5,3,6,1,7,4,0,8]]
Table [[0,2,4,5,3,8,1,6,7],[3,1,5,8,6,4,7,0,2],[5,6,2,1,8,7,0,4,3],[7,5,0,3,2,6,8,1,4],[8,0,1,7,4,2,3,5,6],[6,7,8,4,0,5,2,3,1],[4,3,7,2,5,1,6,8,0],[2,8,3,6,1,0,4,7,5],[1,4,6,0,7,3,5,2,8]]
Table [[0,2,4,6,8,1,5,3,7],[3,0,5,7,6,4,1,2,8],[6,8,0,4,1,2,3,7,5],[4,1,6,0,2,8,7,5,3],[5,4,7,3,0,6,8,1,2],[7,6,3,5,4,0,2,8,1],[8,7,2,1,5,3,0,6,4],[2,3,1,8,7,5,4,0,6],[1,5,8,2,3,7,6,4,0]]
Table [[0,5,10,4,9,3,8,2,7,1,6],[7,1,6,0,5,10,4,9,3,8,2],[3,8,2,7,1,6,0,5,10,4,9],[10,4,9,3,8,2,7,1,6,0,5],[6,0,5,10,4,9,3,8,2,7,1],[2,7,1,6,0,5,10,4,9,3,8],[9,3,8,2,7,1,6,0,5,10,4],[5,10,4,9,3,8,2,7,1,6,0],[1,6,0,5,10,4,9,3,8,2,7],[8,2,7,1,6,0,5,10,4,9,3],[4,9,3,8,2,7,1,6,0,5,10]]
Table [[0,5,10,4,9,3,8,2,7,1,6],[8,2,7,1,6,0,5,10,4,9,3],[5,10,4,9,3,8,2,7,1,6,0],[2,7,1,6,0,5,10,4,9,3,8],[10,4,9,3,8,2,7,1,6,0,5],[7,1,6,0,5,10,4,9,3,8,2],[4,9,3,8,2,7,1,6,0,5,10],[1,6,0,5,10,4,9,3,8,2,7],[9,3,8,2,7,1,6,0,5,10,4],[6,0,5,10,4,9,3,8,2,7,1],[3,8,2,7,1,6,0,5,10,4,9]]
Table [[0,2,10,1,3,4,5,6,7,8,9],[4,10,8,7,5,2,6,9,3,1,0],[3,6,9,4,10,5,8,1,2,0,7],[5,9,0,2,8,6,1,7,10,4,3],[6,0,4,10,1,9,7,3,8,2,5],[7,5,6,0,2,3,10,8,4,9,1],[8,7,3,6,0,1,4,2,9,5,10],[9,4,2,8,7,0,3,5,1,10,6],[10,1,7,5,9,8,0,4,6,3,2],[2,8,1,3,6,10,9,0,5,7,4],[1,3,5,9,4,7,2,10,0,6,8]]
Table [[0,2,5,4,1,6,7,8,9,10,3],[3,5,7,10,6,0,1,4,2,9,8],[4,7,6,9,3,8,0,2,1,5,10],[9,0,3,1,5,10,4,7,6,8,2],[10,6,0,5,2,4,3,1,8,7,9],[1,4,8,3,10,7,9,0,5,2,6],[2,3,1,7,4,9,8,10,0,6,5],[5,1,4,6,8,2,10,9,3,0,7],[6,9,2,8,7,1,5,3,10,4,0],[7,8,10,0,9,5,2,6,4,3,1],[8,10,9,2,0,3,6,5,7,1,4]]
Table [[0,2,7,8,1,3,4,6,9,10,5],[3,4,0,7,8,6,1,10,5,9,2],[8,9,1,4,2,7,5,0,6,3,10],[4,6,2,5,9,1,10,8,0,7,3],[5,0,9,10,6,2,3,4,8,1,7],[6,1,3,0,7,10,8,9,2,5,4],[10,8,6,3,0,9,7,5,4,2,1],[9,7,10,6,3,5,0,2,1,4,8],[1,10,4,2,5,8,9,7,3,0,6],[2,3,5,9,10,4,6,1,7,8,0],[7,5,8,1,4,0,2,3,10,6,9]]
Table [[0,2,4,6,12,1,5,3,7,8,9,10,15,14,11,13],[3,1,11,9,13,2,14,0,10,15,6,7,8,5,4,12],[6,4,2,0,10,11,8,9,13,5,3,12,14,15,1,7],[9,11,1,3,7,4,15,6,12,14,0,13,5,8,2,10],[5,10,12,8,4,7,0,14,1,6,15,2,9,3,13,11],[7,14,15,13,9,5,1,10,0,11,12,3,4,2,8,6],[8,12,10,5,2,13,6,15,11,0,14,4,3,9,7,1],[10,5,8,12,6,14,2,7,3,4,13,0,11,1,15,9],[11,9,3,1,14,6,13,4,8,7,2,15,10,12,0,5],[14,7,13,15,11,10,3,5,2,9,8,1,6,0,12,4],[13,15,14,7,3,8,11,12,6,1,10,9,2,4,5,0],[15,13,7,14,1,12,9,8,4,3,5,11,0,6,10,2],[1,3,9,11,15,0,7,2,5,13,4,14,12,10,6,8],[4,6,0,2,5,9,12,11,15,10,1,8,7,13,3,14],[12,8,5,10,0,15,4,13,9,2,7,6,1,11,14,3],[2,0,6,4,8,3,10,1,14,12,11,5,13,7,9,15]]
Table [[0,2,4,5,6,13,3,1,7,14,9,10,8,15,12,11],[3,1,9,11,15,12,0,2,10,8,4,7,14,6,13,5],[5,4,2,0,14,10,11,9,12,6,1,13,15,8,7,3],[11,9,1,3,8,7,5,4,13,15,2,12,6,14,10,0],[13,14,6,10,4,0,12,8,11,2,15,5,1,9,3,7],[10,6,14,13,2,5,7,15,3,4,8,0,9,1,11,12],[15,7,12,8,3,9,6,10,2,11,13,1,5,0,4,14],[6,10,13,14,0,4,15,7,1,5,12,2,11,3,9,8],[4,5,0,2,13,6,9,11,8,10,3,14,7,12,15,1],[7,15,8,12,1,11,10,6,0,9,14,3,4,2,5,13],[8,12,7,15,11,1,14,13,4,3,10,9,0,5,2,6],[12,8,15,7,9,3,13,14,5,1,6,11,2,4,0,10],[2,0,5,4,10,14,1,3,15,13,11,6,12,7,8,9],[9,11,3,1,12,15,4,5,14,7,0,8,10,13,6,2],[1,3,11,9,7,8,2,0,6,12,5,15,13,10,14,4],[14,13,10,6,5,2,8,12,9,0,7,4,3,11,1,15]]
Table [[0,2,4,6,8,10,12,14,16,1,3,5,7,9,11,13,15],[9,11,13,15,0,2,4,6,8,10,12,14,16,1,3,5,7],[1,3,5,7,9,11,13,15,0,2,4,6,8,10,12,14,16],[10,12,14,16,1,3,5,7,9,11,13,15,0,2,4,6,8],[2,4,6,8,10,12,14,16,1,3,5,7,9,11,13,15,0],[11,13,15,0,2,4,6,8,10,12,14,16,1,3,5,7,9],[3,5,7,9,11,13,15,0,2,4,6,8,10,12,14,16,1],[12,14,16,1,3,5,7,9,11,13,15,0,2,4,6,8,10],[4,6,8,10,12,14,16,1,3,5,7,9,11,13,15,0,2],[13,15,0,2,4,6,8,10,12,14,16,1,3,5,7,9,11],[5,7,9,11,13,15,0,2,4,6,8,10,12,14,16,1,3],[14,16,1,3,5,7,9,11,13,15,0,2,4,6,8,10,12],[6,8,10,12,14,16,1,3,5,7,9,11,13,15,0,2,4],[15,0,2,4,6,8,10,12,14,16,1,3,5,7,9,11,13],[7,9,11,13,15,0,2,4,6,8,10,12,14,16,1,3,5],[16,1,3,5,7,9,11,13,15,0,2,4,6,8,10,12,14],[8,10,12,14,16,1,3,5,7,9,11,13,15,0,2,4,6]]
Table [[0,9,1,10,2,11,3,12,4,13,5,14,6,15,7,16,8],[2,11,3,12,4,13,5,14,6,15,7,16,8,0,9,1,10],[4,13,5,14,6,15,7,16,8,0,9,1,10,2,11,3,12],[6,15,7,16,8,0,9,1,10,2,11,3,12,4,13,5,14],[8,0,9,1,10,2,11,3,12,4,13,5,14,6,15,7,16],[10,2,11,3,12,4,13,5,14,6,15,7,16,8,0,9,1],[12,4,13,5,14,6,15,7,16,8,0,9,1,10,2,11,3],[14,6,15,7,16,8,0,9,1,10,2,11,3,12,4,13,5],[16,8,0,9,1,10,2,11,3,12,4,13,5,14,6,15,7],[1,10,2,11,3,12,4,13,5,14,6,15,7,16,8,0,9],[3,12,4,13,5,14,6,15,7,16,8,0,9,1,10,2,11],[5,14,6,15,7,16,8,0,9,1,10,2,11,3,12,4,13],[7,16,8,0,9,1,10,2,11,3,12,4,13,5,14,6,15],[9,1,10,2,11,3,12,4,13,5,14,6,15,7,16,8,0],[11,3,12,4,13,5,14,6,15,7,16,8,0,9,1,10,2],[13,5,14,6,15,7,16,8,0,9,1,10,2,11,3,12,4],[15,7,16,8,0,9,1,10,2,11,3,12,4,13,5,14,6]]
Table [[0,15,13,11,9,7,5,3,1,16,14,12,10,8,6,4,2],[14,12,10,8,6,4,2,0,15,13,11,9,7,5,3,1,16],[11,9,7,5,3,1,16,14,12,10,8,6,4,2,0,15,13],[8,6,4,2,0,15,13,11,9,7,5,3,1,16,14,12,10],[5,3,1,16,14,12,10,8,6,4,2,0,15,13,11,9,7],[2,0,15,13,11,9,7,5,3,1,16,14,12,10,8,6,4],[16,14,12,10,8,6,4,2,0,15,13,11,9,7,5,3,1],[13,11,9,7,5,3,1,16,14,12,10,8,6,4,2,0,15],[10,8,6,4,2,0,15,13,11,9,7,5,3,1,16,14,12],[7,5,3,1,16,14,12,10,8,6,4,2,0,15,13,11,9],[4,2,0,15,13,11,9,7,5,3,1,16,14,12,10,8,6],[1,16,14,12,10,8,6,4,2,0,15,13,11,9,7,5,3],[15,13,11,9,7,5,3,1,16,14,12,10,8,6,4,2,0],[12,10,8,6,4,2,0,15,13,11,9,7,5,3,1,16,14],[9,7,5,3,1,16,14,12,10,8,6,4,2,0,15,13,11],[6,4,2,0,15,13,11,9,7,5,3,1,16,14,12,10,8],[3,1,16,14,12,10,8,6,4,2,0,15,13,11,9,7,5]]
Table [[0,6,12,1,7,13,2,8,14,3,9,15,4,10,16,5,11],[12,1,7,13,2,8,14,3,9,15,4,10,16,5,11,0,6],[7,13,2,8,14,3,9,15,4,10,16,5,11,0,6,12,1],[2,8,14,3,9,15,4,10,16,5,11,0,6,12,1,7,13],[14,3,9,15,4,10,16,5,11,0,6,12,1,7,13,2,8],[9,15,4,10,16,5,11,0,6,12,1,7,13,2,8,14,3],[4,10,16,5,11,0,6,12,1,7,13,2,8,14,3,9,15],[16,5,11,0,6,12,1,7,13,2,8,14,3,9,15,4,10],[11,0,6,12,1,7,13,2,8,14,3,9,15,4,10,16,5],[6,12,1,7,13,2,8,14,3,9,15,4,10,16,5,11,0],[1,7,13,2,8,14,3,9,15,4,10,16,5,11,0,6,12],[13,2,8,14,3,9,15,4,10,16,5,11,0,6,12,1,7],[8,14,3,9,15,4,10,16,5,11,0,6,12,1,7,13,2],[3,9,15,4,10,16,5,11,0,6,12,1,7,13,2,8,14],[15,4,10,16,5,11,0,6,12,1,7,13,2,8,14,3,9],[10,16,5,11,0,6,12,1,7,13,2,8,14,3,9,15,4],[5,11,0,6,12,1,7,13,2,8,14,3,9,15,4,10,16]]
Table [[0,7,14,4,11,1,8,15,5,12,2,9,16,6,13,3,10],[8,15,5,12,2,9,16,6,13,3,10,0,7,14,4,11,1],[16,6,13,3,10,0,7,14,4,11,1,8,15,5,12,2,9],[7,14,4,11,1,8,15,5,12,2,9,16,6,13,3,10,0],[15,5,12,2,9,16,6,13,3,10,0,7,14,4,11,1,8],[6,13,3,10,0,7,14,4,11,1,8,15,5,12,2,9,16],[14,4,11,1,8,15,5,12,2,9,16,6,13,3,10,0,7],[5,12,2,9,16,6,13,3,10,0,7,14,4,11,1,8,15],[13,3,10,0,7,14,4,11,1,8,15,5,12,2,9,16,6],[4,11,1,8,15,5,12,2,9,16,6,13,3,10,0,7,14],[12,2,9,16,6,13,3,10,0,7,14,4,11,1,8,15,5],[3,10,0,7,14,4,11,1,8,15,5,12,2,9,16,6,13],[11,1,8,15,5,12,2,9,16,6,13,3,10,0,7,14,4],[2,9,16,6,13,3,10,0,7,14,4,11,1,8,15,5,12],[10,0,7,14,4,11,1,8,15,5,12,2,9,16,6,13,3],[1,8,15,5,12,2,9,16,6,13,3,10,0,7,14,4,11],[9,16,6,13,3,10,0,7,14,4,11,1,8,15,5,12,2]]
Table [[0,8,16,7,15,6,14,5,13,4,12,3,11,2,10,1,9],[10,1,9,0,8,16,7,15,6,14,5,13,4,12,3,11,2],[3,11,2,10,1,9,0,8,16,7,15,6,14,5,13,4,12],[13,4,12,3,11,2,10,1,9,0,8,16,7,15,6,14,5],[6,14,5,13,4,12,3,11,2,10,1,9,0,8,16,7,15],[16,7,15,6,14,5,13,4,12,3,11,2,10,1,9,0,8],[9,0,8,16,7,15,6,14,5,13,4,12,3,11,2,10,1],[2,10,1,9,0,8,16,7,15,6,14,5,13,4,12,3,11],[12,3,11,2,10,1,9,0,8,16,7,15,6,14,5,13,4],[5,13,4,12,3,11,2,10,1,9,0,8,16,7,15,6,14],[15,6,14,5,13,4,12,3,11,2,10,1,9,0,8,16,7],[8,16,7,15,6,14,5,13,4,12,3,11,2,10,1,9,0],[1,9,0,8,16,7,15,6,14,5,13,4,12,3,11,2,10],[11,2,10,1,9,0,8,16,7,15,6,14,5,13,4,12,3],[4,12,3,11,2,10,1,9,0,8,16,7,15,6,14,5,13],[14,5,13,4,12,3,11,2,10,1,9,0,8,16,7,15,6],[7,15,6,14,5,13,4,12,3,11,2,10,1,9,0,8,16]]
Table [[0,2,4,5,8,7,15,1,6,12,11,14,16,10,9,13,3],[3,1,5,11,12,6,0,13,2,4,14,16,10,15,8,9,7],[5,10,2,1,7,14,4,15,16,6,13,9,8,12,3,0,11],[9,5,0,3,10,12,13,11,4,15,7,6,2,1,16,14,8],[7,13,11,14,4,2,3,9,1,5,16,10,15,0,12,8,6],[12,14,7,6,0,5,8,16,11,3,2,1,13,9,15,10,4],[2,8,16,10,11,13,6,12,9,14,15,0,3,7,5,4,1],[16,3,9,8,1,15,14,7,0,13,12,4,5,11,2,6,10],[1,12,10,15,14,9,2,4,8,16,0,3,7,6,11,5,13],[10,7,8,12,13,0,16,6,3,9,4,5,11,14,1,2,15],[6,9,14,16,5,1,7,8,13,11,10,15,0,3,4,12,2],[15,6,12,4,9,3,10,2,7,8,5,11,14,16,13,1,0],[11,15,1,13,6,16,5,0,10,2,9,8,12,4,7,3,14],[8,11,3,7,15,4,9,14,5,0,6,2,1,13,10,16,12],[13,4,15,0,16,8,1,5,12,10,3,7,6,2,14,11,9],[4,16,6,2,3,11,12,10,14,7,1,13,9,8,0,15,5],[14,0,13,9,2,10,11,3,15,1,8,12,4,5,6,7,16]]
Table [[0,2,12,6,1,3,11,9,10,13,14,5,4,16,15,8,7],[3,11,1,10,7,4,0,14,2,12,6,8,15,13,5,16,9],[6,9,5,1,8,10,14,13,7,15,12,0,2,4,11,3,16],[4,0,7,2,9,15,3,6,11,1,10,16,5,12,8,13,14],[5,4,14,0,6,8,15,2,3,9,11,12,16,7,13,1,10],[12,16,11,5,0,1,13,4,8,2,15,14,7,10,9,6,3],[1,13,0,8,3,7,12,15,16,11,5,6,9,2,14,10,4],[15,3,9,11,14,5,4,10,0,7,2,13,8,1,16,12,6],[7,12,3,16,4,9,1,5,13,0,8,10,14,11,6,2,15],[8,15,6,3,10,16,5,11,4,14,0,1,13,9,12,7,2],[9,1,4,13,15,14,7,8,12,3,16,2,6,0,10,11,5],[2,6,16,9,13,11,10,1,14,8,7,4,0,5,3,15,12],[11,10,13,14,12,0,2,7,6,16,9,15,3,8,4,5,1],[10,14,8,7,16,2,6,12,9,5,1,3,11,15,0,4,13],[13,8,2,15,11,12,16,3,5,10,4,9,1,6,7,14,0],[16,5,10,4,2,13,8,0,15,6,3,7,12,14,1,9,11],[14,7,15,12,5,6,9,16,1,4,13,11,10,3,2,0,8]]
Table [[0,2,4,9,5,7,1,14,15,10,6,13,8,3,16,11,12],[3,1,7,4,6,0,9,8,5,12,16,2,15,11,10,14,13],[9,10,2,13,14,1,12,0,11,5,8,16,3,4,15,7,6],[8,7,11,3,12,14,0,6,10,1,13,4,16,15,2,5,9],[10,8,6,5,4,16,15,2,9,3,7,14,1,12,0,13,11],[6,11,15,8,1,5,14,12,2,7,9,3,13,16,4,10,0],[13,5,10,16,0,12,6,9,7,14,3,15,4,2,11,1,8],[1,16,13,12,11,2,10,7,3,15,14,6,0,9,8,4,5],[7,13,9,1,15,4,2,11,8,16,5,12,14,0,6,3,10],[15,0,14,11,13,8,3,16,12,9,2,7,10,5,1,6,4],[11,9,0,7,16,3,4,15,6,13,10,1,5,14,12,8,2],[16,14,5,15,9,6,8,13,1,0,4,11,2,10,7,12,3],[5,3,8,14,2,15,11,10,13,4,1,0,12,6,9,16,7],[12,15,16,6,7,10,5,1,4,11,0,8,9,13,3,2,14],[2,6,12,10,3,13,16,4,0,8,11,5,7,1,14,9,15],[14,4,3,0,10,11,7,5,16,2,12,9,6,8,13,15,1],[4,12,1,2,8,9,13,3,14,6,15,10,11,7,5,0,16]]
Table [[0,1,2,3,4,5,6,7,8,9,10,11,12,13,14,15,16,17,18,19,20,21,22,23,24,25],[8,0,12,18,25,10,5,13,21,7,6,24,4,14,11,9,3,2,15,1,23,16,20,22,17,19],[10,5,0,22,6,14,9,18,20,21,4,13,8,24,15,1,2,23,12,25,7,11,16,3,19,17],[7,9,20,0,5,1,12,6,4,24,18,14,21,25,23,3,17,22,8,11,19,13,10,2,15,16],[2,17,16,23,0,7,10,25,9,11,22,6,19,5,1,12,15,3,20,13,24,18,4,14,21,8],[13,7,11,21,19,0,25,2,3,22,8,23,14,18,10,17,12,6,4,9,1,20,15,5,16,24],[3,16,23,15,17,8,0,24,22,10,2,4,7,20,19,14,18,25,21,5,11,12,9,1,6,13],[24,11,13,9,20,25,7,0,17,1,14,19,18,8,21,6,22,15,10,4,16,23,5,12,3,2],[25,4,19,13,7,6,17,5,0,2,9,12,23,22,18,20,14,24,16,21,10,8,3,15,11,1],[17,24,25,16,1,15,4,8,6,0,3,2,11,21,9,5,23,12,19,18,14,10,13,20,7,22],[22,23,3,17,10,9,8,16,13,25,0,15,6,12,24,21,4,1,7,20,18,19,2,11,5,14],[23,20,17,14,3,11,2,21,12,16,1,0,25,10,7,22,19,9,5,24,4,6,18,13,8,15],[9,15,6,1,8,19,22,3,10,14,5,17,0,4,13,16,21,20,24,2,12,7,11,25,18,23],[11,14,21,19,9,2,20,1,24,12,23,5,22,0,8,4,6,16,13,15,3,17,25,18,10,7],[12,2,18,6,15,16,21,23,11,17,13,8,20,9,0,10,1,14,25,3,5,24,19,7,22,4],[6,10,4,7,11,17,24,15,5,8,12,21,2,16,3,0,9,13,1,14,25,22,23,19,20,18],[4,12,10,8,22,18,11,19,1,6,16,20,13,15,25,2,0,7,3,23,21,9,24,17,14,5],[20,22,8,2,18,21,13,4,15,23,19,1,17,6,12,24,11,0,14,16,9,5,7,10,25,3],[5,6,1,4,13,23,19,22,7,15,24,18,10,11,20,8,25,21,0,17,2,3,14,16,9,12],[21,8,9,12,24,3,18,14,19,13,15,7,16,2,6,11,20,5,17,0,22,25,1,4,23,10],[14,13,5,11,23,12,15,10,16,20,25,3,9,1,17,19,24,18,22,7,0,4,21,8,2,6],[1,19,15,5,14,20,23,9,25,4,17,10,3,7,16,18,8,11,2,22,13,0,6,24,12,21],[16,21,22,25,2,24,1,20,18,3,7,9,15,17,5,13,10,19,23,12,8,14,0,6,4,11],[18,3,7,10,21,13,16,12,14,19,20,22,24,23,2,25,5,4,11,6,17,15,8,0,1,9],[15,18,14,24,16,22,3,17,23,5,11,25,1,19,4,7,13,8,9,10,6,2,12,21,0,20],[19,25,24,20,12,4,14,11,2,18,21,16,5,3,22,23,7,10,6,8,15,1,17,9,13,0]]
