Table [[1,1,0,1,2,2,1],[2,5,1,5,2,5,5],[1,5,4,4,3,0,3],[0,1,4,6,2,5,3],[3,3,3,2,2,3,3],[0,2,5,0,2,0,0],[0,1,3,3,3,5,3]]
Proves [1,3253,4065,4164]

Table [[1,1,0,2,2,1,1],[2,4,1,2,4,4,4],[1,4,3,5,0,3,5],[5,5,5,2,5,2,5],[0,2,4,2,0,0,0],[0,1,3,2,4,6,5],[0,1,5,5,4,5,5]]
Proves [1,3253,4065,4164]

Table [[3,3,3,0,0,3],[2,5,5,5,2,2],[3,5,4,0,2,1],[0,5,0,0,0,1],[0,2,2,0,2,2],[2,2,1,1,2,1]]
Proves [1,151,1426,1629,1832,2035,3253,3306,3456,3511,3521,3862,3917,4065,4127,4164,4314,4380,4398,4442,4479]

Table [[1,1,0,2,1,2,1],[2,5,1,2,5,5,5],[1,5,3,4,3,0,4],[4,4,4,2,2,4,4],[0,1,3,2,6,5,4],[0,2,5,2,0,0,0],[0,1,4,4,4,5,4]]
Proves [1,3253,4065,4164]

Table [[1,1,0,2,1,2,1],[2,5,1,2,5,5,5],[1,5,3,4,3,0,4],[4,4,4,2,2,4,4],[0,1,3,2,6,5,4],[0,2,5,2,0,0,0],[0,1,4,4,4,5,4]]
Proves [1,3253,4065,4164]

Table [[1,4,4,4,3,2],[0,2,4,2,4,5],[0,3,2,2,2,5],[5,2,2,2,1,0],[5,1,1,1,2,0],[2,4,4,4,3,1]]
Proves [1,4065,4084]

Table [[1,5,4,1,3,6,2],[3,0,5,6,2,0,4],[6,4,0,5,0,1,3],[4,0,6,0,5,2,1],[2,6,1,0,2,3,5],[1,2,3,4,6,1,0],[5,3,0,2,1,4,5]]
Proves [1,1426,1442,1454,1481,2035,2051,2090,3456,3462,3511,3549,3862,3880,3917,3955,3961,4293]

Table [[1,6,3,4,5,3,2],[2,1,2,1,1,5,1],[6,2,2,2,5,6,4],[5,1,2,3,3,5,1],[3,1,6,3,4,4,6],[4,5,4,5,4,5,5],[1,1,5,1,6,5,6]]
Proves [1,3659,3722,3862,3961]

Table [[1,4,1,4,3,2],[2,5,4,1,4,1],[3,4,3,2,1,2],[4,1,2,3,4,5],[3,4,1,4,3,2],[4,1,2,5,2,3]]
Proves [1,3456,3558]

Table [[1,4,1,5,3,6,2],[2,0,5,6,0,3,4],[6,0,2,4,5,1,3],[4,5,6,3,2,0,1],[1,6,3,0,2,2,5],[3,2,4,1,6,0,0],[5,3,0,2,1,4,0]]
Proves [1,1426,1442,1481,2035,2051,2063,2090,3456,3462,3511,3549,3555,3862,3880,3917,3955,4658]

Table [[1,0,0,4,2,0],[3,2,1,1,5,2],[3,2,2,1,5,1],[3,3,2,2,5,1],[2,1,4,4,1,0],[3,2,2,1,5,2]]
Proves [1,3253,3279]

Table [[0,0,6,4,0,6,0],[2,2,2,2,2,2,2],[3,3,3,3,3,3,3],[5,5,5,5,5,5,5],[4,4,0,6,4,0,4],[1,1,1,1,1,1,1],[6,6,4,0,6,4,6]]
Proves [1,307,308,3050,3059,3069,3076,3078,3253,3254,3255,3256,3257,3456,3457,3458,3459,3460,4268,4282,4314,4315,4339,4357,4598,4673]

Table [[0,2,0,2,0,0,5],[3,3,3,3,3,3,3],[2,5,2,5,2,2,0],[4,4,4,4,4,4,4],[6,6,6,6,6,6,6],[5,0,5,0,5,5,2],[1,1,1,1,1,1,1]]
Proves [1,307,308,3050,3059,3069,3076,3078,3253,3254,3255,3256,3257,3456,3457,3458,3459,3460,4268,4282,4314,4315,4339,4357,4598,4673]

Table [[1,5,3,7,2,4,6,0],[2,0,7,3,1,6,4,5],[4,3,5,0,6,1,2,7],[5,1,4,6,0,3,7,2],[3,4,1,2,7,5,0,6],[6,7,0,5,4,2,1,3],[0,2,6,4,5,7,3,1],[7,6,2,1,3,0,5,4]]
Proves [1,151,159,2847,2866,2900,2939]

Table [[1,2,3,6,3,6,1,2],[2,5,6,5,6,3,2,3],[7,4,5,0,5,0,7,4],[6,7,2,7,2,1,6,1],[3,6,1,2,1,2,3,6],[4,3,0,3,0,5,4,7],[5,0,7,4,7,4,5,0],[0,1,4,1,4,7,0,5]]
Proves [1,2847,2853,3050,3079,4380]

Table [[1,2,3,4,1,3,4,2],[2,1,4,7,2,4,1,7],[7,5,6,0,7,6,0,5],[4,3,2,6,4,2,3,6],[6,0,7,5,6,7,5,0],[3,4,1,2,3,1,2,4],[5,6,0,3,5,0,6,3],[0,7,5,1,0,5,7,1]]
Proves [1,2847,2853,3050,3079,3659,3662,4380]

Table [[1,2,4,4,5,1,5,2],[2,1,5,5,1,2,7,7],[7,3,6,6,0,7,0,3],[4,5,1,1,2,4,2,5],[5,6,2,2,7,5,6,4],[6,0,7,7,3,6,3,0],[3,4,0,0,6,3,4,6],[0,7,3,3,4,0,1,1]]
Proves [1,2847,2853,3050,3079,4380]

Table [[2,3,1,6,0,4,5,7],[7,0,6,2,4,3,1,5],[3,1,5,7,2,0,4,6],[1,7,3,4,6,5,0,2],[5,2,4,0,7,1,6,3],[0,5,7,1,3,6,2,4],[4,6,2,5,1,7,3,0],[6,4,0,3,5,2,7,1]]
Proves [1,2644,2734]

Table [[1,7,3,4,5,0,6,2],[2,4,6,5,0,1,3,7],[7,1,5,0,3,4,2,6],[3,0,2,6,1,7,5,4],[0,3,1,7,2,6,4,5],[5,6,7,2,4,3,0,1],[4,2,0,1,6,5,7,3],[6,5,4,3,7,2,1,0]]
Proves [1,2644,2734]

Table [[2,1,4,6,3,7,5,0],[5,4,3,0,6,1,2,7],[6,2,5,1,4,0,7,3],[3,6,2,7,1,4,0,5],[1,3,7,5,0,2,6,4],[0,5,6,2,7,3,4,1],[4,7,0,3,5,6,1,2],[7,0,1,4,2,5,3,6]]
Proves [1,2644,2734]

Table [[5,3,6,7,4,2,1,0],[2,4,3,1,7,0,6,5],[4,1,0,5,6,7,3,2],[0,2,7,6,3,1,5,4],[3,5,1,4,2,6,0,7],[1,7,2,0,5,3,4,6],[6,0,4,2,1,5,7,3],[7,6,5,3,0,4,2,1]]
Proves [1,2644,2734]

Table [[1,5,6,3,7,2,4,0],[2,4,3,6,0,1,5,7],[3,7,2,1,5,6,0,4],[5,1,0,7,3,4,2,6],[4,2,7,0,6,5,1,3],[7,3,4,5,1,0,6,2],[0,6,5,4,2,7,3,1],[6,0,1,2,4,3,7,5]]
Proves [1,1020,1023,1109,1113,1117,2441,2444,2467,2469,2504,2506,2530,2534,2538,4591,4608,4636,4658]

Table [[3,2,7,5,0,1,6,4],[6,1,0,4,7,2,3,5],[0,5,6,2,3,4,7,1],[1,6,5,7,4,3,2,0],[2,3,4,0,5,6,1,7],[4,7,2,6,1,0,5,3],[5,0,1,3,2,7,4,6],[7,4,3,1,6,5,0,2]]
Proves [1,1020,1023,1109,1113,1117,2441,2444,2467,2469,2504,2506,2530,2534,2538,4591,4608,4636,4658]

Table [[1,4,3,5,2,7,6,0],[2,5,6,4,1,0,3,7],[6,7,2,0,3,4,1,5],[0,3,4,6,7,2,5,1],[7,6,5,3,0,1,4,2],[5,2,7,1,4,3,0,6],[4,1,0,2,5,6,7,3],[3,0,1,7,6,5,2,4]]
Proves [1,1020,1023,1109,1113,1117,2441,2444,2467,2469,2504,2506,2530,2534,2538,4591,4608,4636,4658]

Table [[5,2,6,3,1,7,0,4],[0,3,4,2,7,1,5,6],[2,5,1,0,6,4,3,7],[7,4,3,6,0,5,1,2],[3,0,7,5,4,6,2,1],[4,7,0,1,3,2,6,5],[1,6,2,4,5,0,7,3],[6,1,5,7,2,3,4,0]]
Proves [1,1020,1023,1109,1113,1117,2441,2444,2467,2469,2504,2506,2530,2534,2538,4591,4608,4636,4658]

Table [[1,4,5,3,2,6,7,0],[2,6,3,5,1,4,0,7],[3,7,2,1,5,0,4,6],[4,1,0,7,6,2,3,5],[7,3,6,4,0,5,1,2],[0,5,4,6,7,3,2,1],[6,2,7,0,4,1,5,3],[5,0,1,2,3,7,6,4]]
Proves [1,1020,1023,1109,1113,1117,2441,2444,2467,2469,2504,2506,2530,2534,2538,4591,4608,4636,4658]

Table [[1,5,6,3,7,2,4,0],[2,4,3,6,0,1,5,7],[3,7,2,1,5,6,0,4],[5,1,0,7,3,4,2,6],[4,2,7,0,6,5,1,3],[7,3,4,5,1,0,6,2],[0,6,5,4,2,7,3,1],[6,0,1,2,4,3,7,5]]
Proves [1,1020,1023,1109,1113,1117,2441,2444,2467,2469,2504,2506,2530,2534,2538,4591,4608,4636,4658]

Table [[1,2,3,7,4,6,0,5],[3,5,1,4,7,0,6,2],[6,4,0,5,2,1,3,7],[4,6,7,3,1,2,5,0],[2,1,5,0,6,4,7,3],[5,3,2,6,0,7,4,1],[7,0,4,1,3,5,2,6],[0,7,6,2,5,3,1,4]]
Proves [1,1020,1023,1109,1113,1117,2441,2444,2467,2469,2504,2506,2530,2534,2538,4591,4608,4636,4658]

Table [[1,3,5,2,6,4,0,7],[2,4,7,1,0,3,6,5],[7,6,2,5,3,0,4,1],[6,7,4,0,1,5,2,3],[4,2,6,3,5,1,7,0],[0,5,3,6,2,7,1,4],[5,0,1,7,4,6,3,2],[3,1,0,4,7,2,5,6]]
Proves [1,1020,1023,1109,1113,1117,2441,2444,2467,2469,2504,2506,2530,2534,2538,4591,4608,4636,4658]

Table [[1,6,2,0,5,3,4],[2,4,5,3,0,6,1],[0,2,3,4,6,1,5],[5,1,0,6,3,4,2],[4,3,1,5,2,0,6],[6,0,4,2,1,5,3],[3,5,6,1,4,2,0]]
Proves [1,255,264,273,1020,1023,1036,1075,1109,1113,1117,1152,2441,2444,2459,2467,2494,2530,2534,2538,2576,4290,4369,4588,4608,4647]

Table [[3,2,3,3,3],[1,4,1,1,4],[2,3,2,2,0],[0,0,0,0,2],[4,1,4,4,1]]
Proves [1,23,151,152,160,203,205,212,307,308,325,1426,1427,1428,1429,1430,1454,1455,1456,1629,1630,1631,1632,1633,1655,1657,1832,1833,1837,1838,1839,1851,1860,2238,2240,2243,2246,2249,2264,2267,2270,2441,2443,2446,2449,2452,2460,2467,3050,3056,3068,3253,3254,3255,3256,3257,3315,3316,3317,3456,3457,3458,3459,3460,3518,3522,3526,4065,4071,4118,4127,4268,4282]

Table [[2,8,7,2,8,8,2,7,7],[1,1,0,6,6,6,1,0,0],[3,3,0,6,6,6,3,0,0],[1,1,0,6,6,6,1,0,0],[3,3,5,4,4,4,3,5,5],[2,8,7,2,8,8,2,7,7],[3,3,5,4,4,4,3,5,5],[2,8,7,2,8,8,2,7,7],[1,1,5,4,4,4,1,5,5]]
Proves [1,151,152,166,167,168,1426,1427,1428,1429,1430,1478,1479,1480,1481,1482,1483,1484,1485,1486,1487,2035,2036,2050,2051,2052,2087,2088,2089,2124,2125,2126,2161,2162,2163,2164,3456,3457,3511,3512,3513,3862,3877,3918,3955,3993]

Table [[2,7,3,3,2,7,2,3,7],[2,4,3,3,2,4,2,3,4],[6,4,0,0,6,4,6,0,4],[2,7,3,3,2,7,2,3,7],[8,5,1,1,1,5,8,8,5],[8,5,1,1,1,5,8,8,5],[6,4,0,0,6,4,6,0,4],[8,5,1,1,1,5,8,8,5],[6,7,0,0,6,7,6,0,7]]
Proves [1,151,152,166,167,168,1426,1427,1428,1429,1430,1478,1479,1480,1481,1482,1483,1484,1485,1486,1487,2035,2036,2050,2051,2052,2087,2088,2089,2124,2125,2126,2161,2162,2163,2164,3456,3457,3511,3512,3513,3862,3877,3918,3955,3993]

Table [[0,2,0,6,6,6,0,2,2],[3,3,3,4,5,5,4,4,5],[8,8,8,1,1,1,7,7,7],[0,2,0,1,1,1,0,2,2],[3,3,3,6,6,6,7,7,7],[8,8,8,4,5,5,4,4,5],[3,3,3,4,5,5,4,4,5],[8,8,8,6,6,6,7,7,7],[0,2,0,1,1,1,0,2,2]]
Proves [1,151,152,166,167,168,1426,1427,1428,1429,1430,1478,1479,1480,1481,1482,1483,1484,1485,1486,1487,2035,2036,2050,2051,2052,2087,2088,2089,2124,2125,2126,2161,2162,2163,2164,3456,3457,3511,3512,3513,3862,3877,3918,3955,3993]

Table [[0,2,0,4,0,2,4,4,2],[3,1,7,1,7,7,3,1,3],[5,1,5,1,5,8,8,1,8],[0,6,0,6,0,8,8,6,8],[3,6,7,6,7,7,3,6,3],[0,2,0,4,0,2,4,4,2],[3,1,7,1,7,7,3,1,3],[5,2,5,4,5,2,4,4,2],[5,6,5,6,5,8,8,6,8]]
Proves [1,151,152,166,167,168,1426,1427,1428,1429,1430,1478,1479,1480,1481,1482,1483,1484,1485,1486,1487,2035,2036,2050,2051,2052,2087,2088,2089,2124,2125,2126,2161,2162,2163,2164,3456,3457,3511,3512,3513,3862,3877,3918,3955,3993]

Table [[2,3,7,7,3,2,2,7,3],[1,1,0,0,5,1,5,0,5],[6,6,0,0,5,6,5,0,5],[1,1,8,8,4,1,4,8,4],[6,6,8,8,4,6,4,8,4],[6,6,8,8,4,6,4,8,4],[1,1,0,0,5,1,5,0,5],[2,3,7,7,3,2,2,7,3],[2,3,7,7,3,2,2,7,3]]
Proves [1,151,152,166,167,168,1426,1427,1428,1429,1430,1478,1479,1480,1481,1482,1483,1484,1485,1486,1487,2035,2036,2050,2051,2052,2087,2088,2089,2124,2125,2126,2161,2162,2163,2164,3456,3457,3511,3512,3513,3862,3877,3918,3955,3993]

Table [[2,4,4,1,4,1,2,2,1],[3,5,3,8,5,8,3,5,8],[7,0,0,6,0,6,7,7,6],[2,0,0,6,0,6,2,2,6],[2,4,4,1,4,1,2,2,1],[7,4,4,1,4,1,7,7,1],[3,5,3,8,5,8,3,5,8],[7,0,0,6,0,6,7,7,6],[3,5,3,8,5,8,3,5,8]]
Proves [1,151,152,166,167,168,1426,1427,1428,1429,1430,1478,1479,1480,1481,1482,1483,1484,1485,1486,1487,2035,2036,2050,2051,2052,2087,2088,2089,2124,2125,2126,2161,2162,2163,2164,3456,3457,3511,3512,3513,3862,3877,3918,3955,3993]

Table [[2,1,3,1,2],[3,1,3,1,3],[4,0,0,0,4],[2,0,0,0,2],[4,0,0,0,4]]
Proves [1,1426,2035,2036,2051,2087,2088,2089,3456,3457,3511,3862,3918]

Table [[0,0,3,0,0],[2,1,1,2,2],[0,4,4,0,4],[2,2,2,2,2],[1,1,1,1,1]]
Proves [1,307,2035,2036,2050,2051,2052,3253,3456,3457,3511,3512,3513]

Table [[1,3,5,1,2,2],[2,4,1,0,5,1],[3,2,4,2,3,0],[5,0,3,4,2,3],[5,1,2,3,5,5],[1,5,0,5,1,4]]
Proves [1,1832,1922]

Table [[1,2,3,1,3,2],[5,5,0,4,0,4],[0,0,4,5,4,5],[4,4,5,0,5,0],[3,1,2,3,2,1],[2,3,1,2,1,3]]
Proves [1,203,209,1426,1435,1452,1832,1841,2441,2444,3050,3056,3068,3079,3091]

Table [[1,2,3,2,2,4],[5,1,2,3,3,0],[3,0,4,0,0,1],[2,3,0,1,1,5],[0,4,5,4,4,2],[4,5,1,5,5,3]]
Proves [1,1629,1832,1861,2441,2447,3050,3079]

Table [[1,2,3,5,1,1],[3,4,2,0,1,5],[5,1,4,3,2,0],[1,0,2,4,3,5],[3,2,1,5,2,3],[2,1,0,3,5,4]]
Proves [1,1629,1685]

Table [[1,2,4,0,3],[0,3,4,1,3],[3,2,2,0,1],[4,1,4,3,0],[2,0,2,2,4]]
Proves [1,23,817,1020,1629,1682,2441,3050,3456,3522,4065,4118]

Table [[1,3,3,1,3,3,1,1],[2,0,0,4,0,0,2,2],[3,5,1,7,1,1,3,3],[0,4,2,0,2,2,0,0],[7,1,5,3,5,5,7,7],[4,6,6,2,6,6,4,4],[5,7,7,5,7,7,5,5],[6,2,4,6,4,4,6,6]]
Proves [1,1629,1632,1654,1658,1662,2441,2449,2457,2470,2485,3050,3079,3253]

Table [[1,5,5,1,1,1,5,5],[2,0,0,2,2,2,0,0],[3,1,1,3,3,3,1,1],[4,2,2,4,4,4,2,2],[7,3,3,7,7,7,3,3],[0,6,6,0,0,0,6,6],[5,7,7,5,5,5,7,7],[6,4,4,6,6,6,4,4]]
Proves [1,1629,1632,1635,1637,1645,1647,1654,1658,1662,1670,1673,2441,2444,2447,2449,2457,2459,2466,2470,2474,2482,2485,3253,3261,3306,3319,3334,4598,4673]

Table [[2,2,2,7,7,2,7,7],[6,6,6,5,5,6,5,5],[3,3,3,0,0,3,0,0],[4,4,4,2,2,4,2,2],[5,5,5,3,3,5,3,3],[1,1,1,4,4,1,4,4],[7,7,7,1,1,7,1,1],[0,0,0,6,6,0,6,6]]
Proves [1,1629,1632,1635,1637,1645,1647,1654,1658,1662,1670,1673,2441,2444,2447,2449,2457,2459,2466,2470,2474,2482,2485,3253,3261,3306,3319,3334,4598,4673]

Table [[2,2,2,3,3,3,5,2],[4,7,4,7,7,7,4,4],[5,3,5,0,0,0,0,5],[0,5,0,5,5,5,2,0],[6,1,6,1,1,1,6,6],[3,0,3,2,2,2,3,3],[7,4,7,4,4,4,7,7],[1,6,1,6,6,6,1,1]]
Proves [1,1629,1632,1654,1658,1662,2441,2449,2457,2470,2485,3050,3079,3253]

Table [[5,2,2,5,5,5,2,1],[0,6,6,3,3,3,6,7],[3,7,7,0,0,0,7,6],[4,1,1,4,4,4,1,2],[6,3,3,6,6,6,3,3],[7,0,0,7,7,7,0,0],[2,4,4,1,1,1,4,4],[1,5,5,2,2,2,5,5]]
Proves [1,1629,1632,1654,1658,1662,2441,2449,2457,2470,2485,3050,3079,3253]

Table [[2,1,1,5,5,5,1,5],[4,7,7,0,0,0,7,6],[7,3,3,6,6,6,3,0],[6,4,4,2,2,2,4,4],[3,6,6,3,3,3,6,1],[0,0,0,7,7,7,0,7],[1,2,2,4,4,4,2,3],[5,5,5,1,1,1,5,2]]
Proves [1,1629,1632,1654,1658,1662,2441,2449,2457,2470,2485,3050,3079]

Table [[2,2,6,6,2,6,2,6],[7,4,3,4,7,3,4,4],[3,3,0,0,3,0,3,0],[6,1,2,2,6,2,1,2],[1,5,1,5,1,1,5,5],[4,7,4,7,4,4,7,7],[0,0,7,3,0,7,0,3],[5,6,5,1,5,5,6,1]]
Proves [1,1629,1632,1654,1658,1662,2441,2449,2457,2470,2485]

Table [[2,2,5,8,2,5,8,8,5],[3,1,3,1,6,6,1,6,3],[4,1,0,1,4,0,1,4,0],[2,2,0,8,2,0,8,8,0],[4,7,0,7,4,0,7,4,0],[2,2,5,8,2,5,8,8,5],[4,7,5,7,4,5,7,4,5],[3,1,3,1,6,6,1,6,3],[3,7,3,7,6,6,7,6,3]]
Proves [1,151,152,166,167,168,1426,1427,1428,1429,1430,1478,1479,1480,1481,1482,1483,1484,1485,1486,1487,2035,2036,2050,2051,2052,2087,2088,2089,2124,2125,2126,2161,2162,2163,2164,3456,3457,3511,3512,3513,3862,3877,3918,3955,3993]

Table [[0,5,3,0,5,0,3,5,3],[0,2,3,0,2,0,3,2,3],[1,7,1,1,7,4,4,7,4],[6,2,6,6,2,8,8,2,8],[6,5,6,6,5,8,8,5,8],[1,7,1,1,7,4,4,7,4],[0,2,3,0,2,0,3,2,3],[1,7,1,1,7,4,4,7,4],[6,5,6,6,5,8,8,5,8]]
Proves [1,151,152,166,167,168,1426,1427,1428,1429,1430,1478,1479,1480,1481,1482,1483,1484,1485,1486,1487,2035,2036,2050,2051,2052,2087,2088,2089,2124,2125,2126,2161,2162,2163,2164,3456,3457,3511,3512,3513,3862,3877,3918,3955,3993]

Table [[2,1,3,3,2,1,1,3,2],[5,1,5,6,5,1,1,6,6],[8,0,0,0,8,4,4,4,8],[2,7,3,3,2,7,7,3,2],[5,7,5,6,5,7,7,6,6],[2,0,0,0,2,4,4,4,2],[8,7,3,3,8,7,7,3,8],[5,1,5,6,5,1,1,6,6],[8,0,0,0,8,4,4,4,8]]
Proves [1,151,152,166,167,168,1426,1427,1428,1429,1430,1478,1479,1480,1481,1482,1483,1484,1485,1486,1487,2035,2036,2050,2051,2052,2087,2088,2089,2124,2125,2126,2161,2162,2163,2164,3456,3457,3511,3512,3513,3862,3877,3918,3955,3993]

Table [[3,2,7,7,3,2,2,7,3],[3,1,6,1,3,6,1,6,3],[5,1,6,1,5,6,1,6,5],[8,4,0,0,8,4,4,0,8],[5,1,6,1,5,6,1,6,5],[8,4,0,0,8,4,4,0,8],[5,2,7,7,5,2,2,7,5],[3,2,7,7,3,2,2,7,3],[8,4,0,0,8,4,4,0,8]]
Proves [1,151,152,166,167,168,1426,1427,1428,1429,1430,1478,1479,1480,1481,1482,1483,1484,1485,1486,1487,2035,2036,2050,2051,2052,2087,2088,2089,2124,2125,2126,2161,2162,2163,2164,3456,3457,3511,3512,3513,3862,3877,3918,3955,3993]

Table [[2,1,3,1,3,2,1,3,2],[6,1,3,1,3,6,1,3,6],[8,0,0,0,5,5,8,8,5],[2,4,4,4,7,2,7,7,2],[2,1,3,1,3,2,1,3,2],[8,4,4,4,5,5,8,8,5],[8,0,0,0,5,5,8,8,5],[6,4,4,4,7,6,7,7,6],[6,0,0,0,7,6,7,7,6]]
Proves [1,151,152,166,167,168,1426,1427,1428,1429,1430,1478,1479,1480,1481,1482,1483,1484,1485,1486,1487,2035,2036,2050,2051,2052,2087,2088,2089,2124,2125,2126,2161,2162,2163,2164,3456,3457,3511,3512,3513,3862,3877,3918,3955,3993]

Table [[0,2,0,2,5,0,2,5,5],[6,6,3,7,3,3,7,7,6],[6,6,3,1,3,3,1,1,6],[4,2,4,2,5,4,2,5,5],[0,2,0,2,5,0,2,5,5],[4,8,4,7,8,4,7,7,8],[0,8,0,1,8,0,1,1,8],[6,6,3,7,3,3,7,7,6],[4,8,4,1,8,4,1,1,8]]
Proves [1,151,152,166,167,168,1426,1427,1428,1429,1430,1478,1479,1480,1481,1482,1483,1484,1485,1486,1487,2035,2036,2050,2051,2052,2087,2088,2089,2124,2125,2126,2161,2162,2163,2164,3456,3457,3511,3512,3513,3862,3877,3918,3955,3993]

Table [[1,2,3,2,3,3,1,1,2],[6,0,0,0,6,7,7,6,7],[1,8,3,8,3,3,1,1,8],[4,2,5,2,4,5,5,4,2],[4,0,0,0,4,7,7,4,7],[6,2,5,2,6,5,5,6,2],[4,0,0,0,4,7,7,4,7],[6,8,5,8,6,5,5,6,8],[1,8,3,8,3,3,1,1,8]]
Proves [1,151,152,166,167,168,1426,1427,1428,1429,1430,1478,1479,1480,1481,1482,1483,1484,1485,1486,1487,2035,2036,2050,2051,2052,2087,2088,2089,2124,2125,2126,2161,2162,2163,2164,3456,3457,3511,3512,3513,3862,3877,3918,3955,3993]

Table [[2,4,0,2,5,0,5,4],[0,3,0,3,0,0,3,3],[0,3,0,3,0,0,3,3],[1,3,6,1,7,6,7,3],[1,3,0,1,7,0,7,3],[4,4,6,4,6,6,6,4],[2,4,6,2,5,6,5,4],[4,4,6,4,6,6,6,4]]
Proves [1,151,152,166,1426,1427,1428,1429,1430,1479,1481,1482,1483,1485,2035,2050,2051,2087,2088,2124,2125,2161,2162,2163,3456,3457,3511,3862,3877,3955]

Table [[2,5,0,4,0,2,4,5],[0,3,0,3,0,0,3,3],[0,5,0,5,0,0,5,5],[1,3,6,1,6,7,7,3],[6,3,6,3,6,6,3,3],[1,3,6,1,6,7,7,3],[2,5,0,4,0,2,4,5],[6,5,6,5,6,6,5,5]]
Proves [1,151,152,166,1426,1427,1428,1429,1430,1479,1481,1482,1483,1485,2035,2050,2051,2087,2088,2124,2125,2161,2162,2163,3456,3457,3511,3862,3877,3955]

Table [[2,0,0,1,5,1,2,5],[5,3,3,3,5,5,3,5],[0,0,0,6,6,0,6,6],[2,3,3,1,6,1,2,6],[0,0,0,6,6,0,6,6],[4,0,0,7,5,7,4,5],[4,3,3,7,6,7,4,6],[5,3,3,3,5,5,3,5]]
Proves [1,151,152,166,1426,1427,1428,1429,1430,1479,1481,1482,1483,1485,1629,1832,2035,2050,2051,2087,2088,2124,2125,2161,2162,2163,3253,3456,3457,3511,3862,3877,3955,4065,4380]

Table [[2,3,0,2,6,3,0,6],[4,7,7,4,7,4,4,7],[0,3,0,0,3,3,0,3],[5,7,7,5,1,4,4,1],[5,3,0,5,6,3,0,6],[0,3,0,0,3,3,0,3],[4,7,7,4,7,4,4,7],[2,7,7,2,1,4,4,1]]
Proves [1,151,152,166,1426,1427,1428,1429,1430,1479,1481,1482,1483,1485,2035,2050,2051,2087,2088,2124,2125,2161,2162,2163,3456,3457,3511,3862,3877,3955]

Table [[6,0,1,4,6,1,0,4],[2,2,5,2,2,5,5,5],[3,0,1,4,3,1,0,4],[0,0,4,4,0,4,0,4],[3,2,7,2,3,7,5,5],[6,2,7,2,6,7,5,5],[0,0,4,4,0,4,0,4],[2,2,5,2,2,5,5,5]]
Proves [1,151,152,166,1426,1427,1428,1429,1430,1479,1481,1482,1483,1485,2035,2050,2051,2087,2088,2124,2125,2161,2162,2163,3456,3457,3511,3862,3877,3955]

Table [[2,4,2,4,2,4,2,4],[1,3,0,1,0,3,5,5],[2,6,0,4,0,6,2,4],[1,1,5,1,5,1,5,5],[1,3,7,1,7,3,5,5],[2,6,7,4,7,6,2,4],[1,1,5,1,5,1,5,5],[2,4,2,4,2,4,2,4]]
Proves [1,151,152,166,1426,1427,1428,1429,1430,1479,1481,1482,1483,1485,2035,2050,2051,2087,2088,2124,2125,2161,2162,2163,3456,3457,3511,3862,3877,3955]

Table [[2,5,6,2,3,6,5,3],[4,4,0,7,1,0,7,1],[3,3,0,0,3,0,0,3],[4,4,0,7,1,0,7,1],[1,1,0,0,1,0,0,1],[1,1,6,6,1,6,6,1],[2,5,6,2,3,6,5,3],[3,3,6,6,3,6,6,3]]
Proves [1,151,152,166,1426,1427,1428,1429,1430,1479,1481,1482,1483,1485,2035,2050,2051,2087,2088,2124,2125,2161,2162,2163,3456,3457,3511,3862,3877,3955]

Table [[2,4,2,4,2,4,2,4],[2,3,2,3,2,3,2,3],[2,4,0,6,0,6,2,4],[5,3,1,1,7,7,5,3],[5,3,1,1,7,7,5,3],[2,4,0,6,0,6,2,4],[5,3,5,3,5,3,5,3],[5,4,5,4,5,4,5,4]]
Proves [1,151,152,166,1426,1427,1428,1429,1430,1479,1481,1482,1483,1485,2035,2050,2051,2087,2088,2124,2125,2161,2162,2163,3456,3457,3511,3862,3877,3955]

Table [[3,2,3,2,2,2,3,3],[3,4,5,4,1,1,5,3],[3,4,5,4,1,1,5,3],[6,7,0,0,2,2,7,6],[3,1,3,1,1,1,3,3],[6,2,6,2,2,2,6,6],[6,7,0,0,2,2,7,6],[6,1,6,1,1,1,6,6]]
Proves [1,151,152,166,1426,1427,1428,1429,1430,1479,1481,1482,1483,1485,2035,2050,2051,2087,2088,2124,2125,2161,2162,2163,3456,3457,3511,3862,3877,3955]

Table [[2,3,5,1,3,1,5,2],[5,3,5,3,3,3,5,5],[7,0,0,0,7,0,7,7],[4,3,5,1,3,1,5,4],[7,0,0,0,7,0,7,7],[2,0,0,6,7,6,7,2],[5,3,5,3,3,3,5,5],[4,0,0,6,7,6,7,4]]
Proves [1,151,152,166,1426,1427,1428,1429,1430,1479,1481,1482,1483,1485,2035,2050,2051,2087,2088,2124,2125,2161,2162,2163,3456,3457,3511,3862,3877,3955]

Table [[2,2,6,2,2,6,6,6],[3,2,3,3,2,2,3,2],[3,7,4,1,2,6,0,5],[3,2,0,3,2,6,0,6],[2,2,2,2,2,2,2,2],[2,7,7,7,2,2,2,7],[2,7,5,7,2,6,6,5],[3,7,1,1,2,2,3,7]]
Proves [1,1426,1427,1481,1482,1483,2035,2051,2087,2125,2163,3456,3511,3862,3955]

Table [[4,2,0,1,0,4,1,2],[3,3,7,5,7,6,5,6],[7,7,7,1,7,1,1,1],[0,0,0,1,0,1,1,1],[0,0,0,5,0,5,5,5],[3,3,7,5,7,6,5,6],[7,7,7,5,7,5,5,5],[4,2,0,1,0,4,1,2]]
Proves [1,151,152,166,1426,1427,1428,1429,1430,1479,1481,1482,1483,1485,2035,2050,2051,2087,2088,2124,2125,2161,2162,2163,3456,3457,3511,3862,3877,3955]

Table [[2,2,5,2,5,5,2,5],[3,6,7,6,3,7,1,1],[3,6,0,6,3,0,1,1],[2,4,0,4,5,0,2,5],[3,1,3,1,3,3,1,1],[2,4,7,4,5,7,2,5],[3,1,3,1,3,3,1,1],[2,2,5,2,5,5,2,5]]
Proves [1,151,152,166,1426,1427,1428,1429,1430,1479,1481,1482,1483,1485,2035,2050,2051,2087,2088,2124,2125,2161,2162,2163,3456,3457,3511,3862,3877,3955]

Table [[0,2,3,0,6,6,3,2],[4,1,0,0,1,6,4,6],[1,7,2,6,1,6,7,2],[6,2,2,6,6,6,2,2],[0,6,0,0,6,6,0,6],[6,6,6,6,6,6,6,6],[4,7,3,0,1,6,5,2],[1,1,6,6,1,6,1,6]]
Proves [1,1426,1427,1481,1482,1483,2035,2051,2087,2125,2163,3456,3511,3862,3955]

Table [[0,6,1,4,6,4,0,1],[2,1,7,2,7,4,4,1],[3,0,2,2,3,4,0,4],[0,0,4,4,0,4,0,4],[3,6,7,2,5,4,0,1],[4,4,4,4,4,4,4,4],[4,1,1,4,1,4,4,1],[2,4,2,2,2,4,4,4]]
Proves [1,1426,1427,1481,1482,1483,2035,2051,2087,2125,2163,3456,3511,3862,3955]

Table [[6,4,1,2,5,7,0,3],[2,1,1,2,0,3,0,3],[3,0,0,3,0,3,0,3],[7,5,0,3,5,7,0,3],[1,1,1,1,0,0,0,0],[4,4,1,1,5,5,0,0],[0,0,0,0,0,0,0,0],[5,5,0,0,5,5,0,0]]
Proves [1,1426,1427,1481,1482,1483,2035,2051,2087,2125,2163,3456,3511,3862,3955]

Table [[0,2,0,2,3,1,1,3],[6,1,3,5,6,1,5,3],[3,1,3,1,3,1,1,3],[4,2,0,7,6,1,5,3],[0,0,0,0,3,3,3,3],[6,3,3,6,6,3,6,3],[4,0,0,4,6,3,6,3],[3,3,3,3,3,3,3,3]]
Proves [1,1426,1427,1481,1482,1483,2035,2051,2087,2125,2163,3456,3511,3862,3955]

Table [[0,3,1,0,6,1,3,6],[2,1,5,6,2,1,5,6],[4,0,2,0,2,6,4,6],[6,1,1,6,6,1,1,6],[0,0,6,0,6,6,0,6],[2,6,2,6,2,6,2,6],[4,3,5,0,2,1,7,6],[6,6,6,6,6,6,6,6]]
Proves [1,1426,1427,1481,1482,1483,2035,2051,2087,2125,2163,3456,3511,3862,3955]

Table [[0,2,3,0,7,2,7,3],[6,1,0,0,7,7,1,6],[1,5,2,7,7,2,1,5],[7,2,2,7,7,2,7,2],[7,7,7,7,7,7,7,7],[1,1,7,7,7,7,1,1],[0,7,0,0,7,7,7,0],[6,5,3,0,7,2,1,4]]
Proves [1,1426,1427,1481,1482,1483,2035,2051,2087,2125,2163,3456,3511,3862,3955]

Table [[0,3,1,0,7,1,7,3],[2,5,6,0,7,1,4,3],[0,0,1,0,1,1,1,0],[1,7,1,1,7,1,7,7],[6,6,6,1,1,1,6,1],[1,1,1,1,1,1,1,1],[2,2,6,0,1,1,6,0],[6,4,6,1,7,1,4,7]]
Proves [1,1426,1427,1481,1482,1483,2035,2051,2087,2125,2163,3456,3511,3862,3955]

Table [[2,2,7,2,2,7,7,7],[3,2,3,3,2,2,2,3],[3,5,4,1,2,6,7,0],[3,2,0,3,2,7,7,0],[2,2,2,2,2,2,2,2],[3,5,1,1,2,5,2,3],[2,5,5,5,2,5,2,2],[2,5,6,5,2,6,7,7]]
Proves [1,1426,1427,1481,1482,1483,2035,2051,2087,2125,2163,3456,3511,3862,3955]

Table [[1,7,1,7,1,7,1,7],[6,2,1,5,3,7,4,0],[1,1,1,1,1,1,1,1],[6,4,1,3,3,1,4,6],[6,6,1,1,1,1,6,6],[1,3,1,3,3,1,3,1],[6,0,1,7,1,7,6,0],[1,5,1,5,3,7,3,7]]
Proves [1,1426,1427,1481,1482,1483,2035,2051,2087,2125,2163,3456,3511,3862,3955]

Table [[0,5,1,6,1,0,5,6],[2,1,4,2,1,6,4,6],[3,0,2,2,6,0,3,6],[0,0,6,6,6,0,0,6],[2,6,2,2,6,6,2,6],[6,1,1,6,1,6,1,6],[3,5,4,2,1,0,7,6],[6,6,6,6,6,6,6,6]]
Proves [1,1426,1427,1481,1482,1483,2035,2051,2087,2125,2163,3456,3511,3862,3955]

Table [[1,3,1,3,1,1,3,3],[5,2,1,0,7,4,3,6],[1,1,1,1,1,1,1,1],[1,6,1,3,7,7,3,6],[5,5,1,5,1,5,1,1],[5,0,1,0,1,5,3,3],[1,7,1,1,7,7,1,7],[5,4,1,5,7,4,1,7]]
Proves [1,1426,1427,1481,1482,1483,2035,2051,2087,2125,2163,3456,3511,3862,3955]

Table [[1,4,1,4,4],[2,0,2,2,0],[3,3,2,2,0],[1,0,1,2,0],[3,3,1,4,4]]
Proves [1,1426,1427,1428,1478,1479,1480]

Table [[1,5,3,2,0,4],[2,1,0,3,4,5],[3,2,4,0,5,1],[2,1,0,5,4,3],[2,4,0,3,1,5],[4,0,1,3,2,5]]
Proves [1,411,513,1020,1082,1629,1832]

Table [[2,4,3,7,6,1,5,0],[3,7,1,4,5,0,2,6],[2,4,3,7,6,1,5,0],[7,5,0,2,1,6,4,3],[7,5,0,2,1,6,4,3],[2,4,3,7,6,1,5,0],[5,2,6,0,3,4,7,1],[7,5,0,2,1,6,4,3]]
Proves [1,411,513,1020,1045,1075,1122,1184,1832,1840,1921,1934,1949]

Table [[1,2,3,4,6,7,5,0],[7,0,1,2,3,6,4,5],[7,0,1,2,3,6,4,5],[1,2,3,4,6,7,5,0],[1,2,3,4,6,7,5,0],[7,0,1,2,3,6,4,5],[7,0,1,2,3,6,4,5],[1,2,3,4,6,7,5,0]]
Proves [1,1020,1028,1038,1045,1075,1082,1109,1122,1137,1171,1184,1832,1840,1850,1857,1887,1894,1921,1934,1949,1983,1996,4065,4073,4118,4131,4146,4320,4362]

Table [[2,0,3,4,5,6,7,1],[2,0,3,4,5,6,7,1],[1,7,0,2,3,4,5,6],[1,7,0,2,3,4,5,6],[2,0,3,4,5,6,7,1],[2,0,3,4,5,6,7,1],[1,7,0,2,3,4,5,6],[1,7,0,2,3,4,5,6]]
Proves [1,1020,1028,1038,1045,1075,1082,1109,1122,1137,1171,1184,1832,1840,1850,1857,1887,1894,1921,1934,1949,1983,1996,4065,4073,4118,4131,4146,4320,4362]

Table [[4,6,3,0,2,7,5,1],[2,7,3,4,0,1,5,6],[3,7,4,2,0,6,1,5],[3,7,4,2,0,6,1,5],[4,6,3,0,2,7,5,1],[4,5,0,2,3,6,7,1],[4,5,0,2,3,6,7,1],[2,7,3,4,0,1,5,6]]
Proves [1,411,513,1020,1045,1075,1122,1184,1832,1840,1921,1934,1949,4065,4118]

Table [[2,3,7,4,6,0,1,5],[1,7,0,4,6,3,5,2],[2,0,7,5,3,6,4,1],[1,7,0,4,6,3,5,2],[2,0,7,5,3,6,4,1],[1,7,0,4,6,3,5,2],[2,0,7,5,3,6,4,1],[5,6,0,1,3,7,4,2]]
Proves [1,411,513,1020,1045,1075,1122,1184,1832,1840,1921,1934,1949]

Table [[5,4,0,1,7,6,2,3],[2,6,3,4,0,1,7,5],[2,3,6,7,1,0,5,4],[2,3,6,7,1,0,5,4],[5,4,0,1,7,6,2,3],[5,4,0,1,7,6,2,3],[2,3,6,7,1,0,5,4],[4,5,0,2,3,7,1,6]]
Proves [1,411,513,1020,1045,1075,1122,1184,1832,1840,1921,1934,1949]

Table [[2,0,3,1,6,7,5,4],[3,7,6,4,5,0,1,2],[5,6,7,0,3,4,2,1],[1,3,0,2,7,6,4,5],[1,3,0,2,7,6,4,5],[2,0,3,1,6,7,5,4],[1,3,0,2,7,6,4,5],[2,0,3,1,6,7,5,4]]
Proves [1,411,513,1020,1045,1075,1122,1184,1832,1840,1921,1934,1949]

Table [[2,4,7,5,0,6,1,3],[0,5,2,1,7,4,3,6],[3,1,4,6,5,0,2,7],[7,2,3,0,4,1,6,5],[1,3,0,7,6,2,5,4],[5,7,6,4,1,3,0,2],[4,6,1,3,2,5,7,0],[6,0,5,2,3,7,4,1]]
Proves [1,817,873]

Table [[1,2,7,6,3,0,5,4],[7,5,0,1,4,2,6,3],[3,4,6,5,2,7,0,1],[0,6,4,2,5,1,3,7],[4,3,1,0,7,6,2,5],[6,0,5,4,1,3,7,2],[2,1,3,7,0,5,4,6],[5,7,2,3,6,4,1,0]]
Proves [1,817,873]

Table [[2,3,5,0,7,6,4,1],[5,4,2,3,0,7,1,6],[6,1,3,5,4,0,7,2],[1,6,0,7,2,3,5,4],[4,5,7,1,6,2,3,0],[7,0,4,6,5,1,2,3],[3,2,6,4,1,5,0,7],[0,7,1,2,3,4,6,5]]
Proves [1,817,873]

Table [[4,2,7,1,6,3,5,0],[7,6,1,3,2,5,0,4],[0,5,3,7,4,2,1,6],[3,0,6,5,1,7,4,2],[5,4,2,0,7,1,6,3],[6,1,4,2,5,0,3,7],[1,7,0,6,3,4,2,5],[2,3,5,4,0,6,7,1]]
Proves [1,817,873]

Table [[1,2,5,7,3,0,4,6],[2,3,4,6,7,5,1,0],[3,7,6,2,1,4,0,5],[7,3,0,6,2,5,1,4],[3,7,6,2,1,4,0,5],[2,3,4,6,7,5,1,0],[7,3,0,6,2,5,1,4],[1,2,5,7,3,0,4,6]]
Proves [1,614,676]

Table [[1,2,5,7,6,0,3,4],[2,5,6,3,4,1,7,0],[3,7,4,2,0,6,1,5],[7,3,0,1,4,5,2,6],[7,3,0,1,4,5,2,6],[2,1,6,3,4,5,7,0],[3,7,4,2,0,6,1,5],[1,2,5,7,6,0,3,4]]
Proves [1,411,513,614,676,4380]

Table [[1,2,6,4,7,3,0,5],[2,1,3,7,5,4,6,0],[4,7,5,1,2,0,3,6],[4,7,5,1,2,0,3,6],[7,6,0,2,5,4,1,3],[7,6,0,2,4,5,1,3],[2,6,3,7,5,4,1,0],[1,2,6,4,7,3,0,5]]
Proves [1,411,513,614,676,3659,4380]

Table [[1,2,5,6,4,3,0],[3,0,6,4,2,5,1],[0,4,3,5,6,1,2],[5,1,4,2,0,6,3],[2,6,1,3,5,0,4],[6,3,2,0,1,4,5],[4,5,0,1,3,2,6]]
Proves [1,151,160,203,212,614,643,667,669,4321,4598,4673]

Table [[1,6,4,2,0,5,3],[2,0,5,3,1,6,4],[3,1,6,4,2,0,5],[4,2,0,5,3,1,6],[5,3,1,6,4,2,0],[6,4,2,0,5,3,1],[0,5,3,1,6,4,2]]
Proves [1,151,160,203,212,614,643,667,669,4321,4598,4673]

Table [[1,2,4,3,5,6,0],[5,0,6,2,4,3,1],[0,3,5,6,1,4,2],[2,6,1,4,0,5,3],[6,5,2,1,3,0,4],[4,1,3,0,6,2,5],[3,4,0,5,2,1,6]]
Proves [1,151,160,203,212,614,643,667,669,4321,4598,4673]

Table [[1,2,3,4,6,5,0],[4,0,6,3,5,2,1],[0,5,4,1,3,6,2],[6,4,2,5,0,1,3],[3,1,5,6,2,0,4],[2,6,1,0,4,3,5],[5,3,0,2,1,4,6]]
Proves [1,151,160,203,212,614,643,667,669,4321,4598,4673]

Table [[1,0,3,4,2],[2,3,2,1,0],[4,4,2,4,2],[0,1,0,3,2],[3,3,1,0,4]]
Proves [1,8,411,1020,1832,1885,2441,2644,3253,3319,3862,3915]

Table [[0,2,0,2,0,0,2],[3,3,3,3,3,3,3],[2,5,2,5,2,2,5],[4,4,4,4,4,4,4],[6,6,6,6,6,6,6],[5,0,5,0,5,5,0],[1,1,1,1,1,1,1]]
Proves [1,307,308,3050,3059,3069,3076,3078,3253,3254,3255,3256,3257,3456,3457,3458,3459,3460,4268,4282,4314,4315,4339,4357,4598,4673]

Table [[2,2,7,2,8,8,8,7,7],[4,4,4,6,5,5,5,6,6],[3,3,0,3,1,1,1,0,0],[3,3,0,3,1,1,1,0,0],[2,2,0,2,1,1,1,0,0],[4,4,4,6,5,5,5,6,6],[3,3,7,3,8,8,8,7,7],[2,2,7,2,8,8,8,7,7],[4,4,4,6,5,5,5,6,6]]
Proves [1,151,152,166,167,168,1426,1427,1428,1429,1430,1478,1479,1480,1481,1482,1483,1484,1485,1486,1487,2035,2036,2050,2051,2052,2087,2088,2089,2124,2125,2126,2161,2162,2163,2164,3456,3457,3511,3512,3513,3862,3877,3918,3955,3993]

Table [[2,2,7,2,8,8,8,7,7],[3,3,6,5,3,5,5,6,6],[3,3,0,1,3,1,1,0,0],[4,4,0,1,4,1,1,0,0],[4,4,0,1,4,1,1,0,0],[3,3,6,5,3,5,5,6,6],[2,2,7,2,8,8,8,7,7],[2,2,7,2,8,8,8,7,7],[4,4,6,5,4,5,5,6,6]]
Proves [1,151,152,166,167,168,1426,1427,1428,1429,1430,1478,1479,1480,1481,1482,1483,1484,1485,1486,1487,2035,2036,2050,2051,2052,2087,2088,2089,2124,2125,2126,2161,2162,2163,2164,3456,3457,3511,3512,3513,3862,3877,3918,3955,3993]

Table [[3,7,8,7,3,8,8,7,3],[2,5,2,6,5,2,5,6,6],[2,5,2,0,5,2,5,0,0],[4,4,8,0,4,8,8,0,0],[4,4,1,0,4,1,1,0,0],[4,4,1,6,4,1,1,6,6],[3,7,8,7,3,8,8,7,3],[3,7,1,7,3,1,1,7,3],[2,5,2,6,5,2,5,6,6]]
Proves [1,151,152,166,167,168,1426,1427,1428,1429,1430,1478,1479,1480,1481,1482,1483,1484,1485,1486,1487,2035,2036,2050,2051,2052,2087,2088,2089,2124,2125,2126,2161,2162,2163,2164,3456,3457,3511,3512,3513,3862,3877,3918,3955,3993]

Table [[3,7,3,5,5,5,3,7,7],[2,4,2,5,5,5,2,4,4],[2,6,2,0,6,0,2,0,6],[2,6,2,0,6,0,2,0,6],[8,7,1,8,1,1,8,7,7],[3,4,3,5,5,5,3,4,4],[8,4,1,8,1,1,8,4,4],[8,7,1,8,1,1,8,7,7],[3,6,3,0,6,0,3,0,6]]
Proves [1,151,152,166,167,168,1426,1427,1428,1429,1430,1478,1479,1480,1481,1482,1483,1484,1485,1486,1487,2035,2036,2050,2051,2052,2087,2088,2089,2124,2125,2126,2161,2162,2163,2164,3456,3457,3511,3512,3513,3862,3877,3918,3955,3993]

Table [[2,3,1,3,2,1,2,1,3],[2,5,5,5,2,7,2,7,7],[6,0,0,0,6,4,6,4,4],[8,3,1,3,8,1,8,1,3],[8,5,5,5,8,7,8,7,7],[2,3,1,3,2,1,2,1,3],[6,0,0,0,6,4,6,4,4],[8,5,5,5,8,7,8,7,7],[6,0,0,0,6,4,6,4,4]]
Proves [1,151,152,166,167,168,1426,1427,1428,1429,1430,1478,1479,1480,1481,1482,1483,1484,1485,1486,1487,2035,2036,2050,2051,2052,2087,2088,2089,2124,2125,2126,2161,2162,2163,2164,3456,3457,3511,3512,3513,3862,3877,3918,3955,3993]

Table [[3,3,7,5,5,5,7,3,7],[1,1,4,0,1,0,4,0,4],[8,8,2,6,8,6,2,6,2],[1,1,7,0,1,0,7,0,7],[8,8,2,6,8,6,2,6,2],[3,3,4,5,5,5,4,3,4],[3,3,7,5,5,5,7,3,7],[8,8,2,6,8,6,2,6,2],[1,1,4,0,1,0,4,0,4]]
Proves [1,151,152,166,167,168,1426,1427,1428,1429,1430,1478,1479,1480,1481,1482,1483,1484,1485,1486,1487,2035,2036,2050,2051,2052,2087,2088,2089,2124,2125,2126,2161,2162,2163,2164,3456,3457,3511,3512,3513,3862,3877,3918,3955,3993]

Table [[0,2,0,7,7,2,7,0,2],[3,4,6,6,3,4,6,3,4],[8,8,8,1,1,5,1,5,5],[0,4,0,7,7,4,7,0,4],[8,8,8,1,1,5,1,5,5],[8,8,8,7,7,5,7,5,5],[3,2,6,6,3,2,6,3,2],[3,4,6,6,3,4,6,3,4],[0,2,0,1,1,2,1,0,2]]
Proves [1,151,152,166,167,168,1426,1427,1428,1429,1430,1478,1479,1480,1481,1482,1483,1484,1485,1486,1487,2035,2036,2050,2051,2052,2087,2088,2089,2124,2125,2126,2161,2162,2163,2164,3456,3457,3511,3512,3513,3862,3877,3918,3955,3993]

Table [[3,2,8,2,2,3,3,8,8],[3,2,8,2,2,3,3,8,8],[3,4,1,1,4,3,3,4,1],[5,6,0,0,5,6,6,5,0],[7,4,1,1,4,7,7,4,1],[7,4,0,0,4,7,7,4,0],[5,6,1,1,5,6,6,5,1],[5,6,0,0,5,6,6,5,0],[7,2,8,2,2,7,7,8,8]]
Proves [1,151,152,166,167,168,1426,1427,1428,1429,1430,1478,1479,1480,1481,1482,1483,1484,1485,1486,1487,2035,2036,2050,2051,2052,2087,2088,2089,2124,2125,2126,2161,2162,2163,2164,3456,3457,3511,3512,3513,3862,3877,3918,3955,3993]

Table [[2,1,8,1,2,2,8,8,1],[3,1,8,1,3,3,8,8,1],[5,0,0,4,5,5,4,4,0],[5,0,0,4,5,5,4,4,0],[3,6,6,7,3,3,7,7,6],[5,0,0,4,5,5,4,4,0],[2,1,8,1,2,2,8,8,1],[3,6,6,7,3,3,7,7,6],[2,6,6,7,2,2,7,7,6]]
Proves [1,151,152,166,167,168,1426,1427,1428,1429,1430,1478,1479,1480,1481,1482,1483,1484,1485,1486,1487,2035,2036,2050,2051,2052,2087,2088,2089,2124,2125,2126,2161,2162,2163,2164,3456,3457,3511,3512,3513,3862,3877,3918,3955,3993]

Table [[1,2,7,2,1,7,1,2,7],[4,0,0,6,6,6,4,0,4],[1,3,7,3,1,7,1,3,7],[1,3,7,3,1,7,1,3,7],[8,0,0,6,6,6,8,0,8],[4,2,5,2,5,5,4,2,4],[4,3,5,3,5,5,4,3,4],[8,2,5,2,5,5,8,2,8],[8,0,0,6,6,6,8,0,8]]
Proves [1,151,152,166,167,168,1426,1427,1428,1429,1430,1478,1479,1480,1481,1482,1483,1484,1485,1486,1487,2035,2036,2050,2051,2052,2087,2088,2089,2124,2125,2126,2161,2162,2163,2164,3456,3457,3511,3512,3513,3862,3877,3918,3955,3993]

Table [[4,3,8,4,8,4,3,3,8],[4,1,6,4,1,4,1,6,6],[7,1,6,7,1,7,1,6,6],[7,1,6,7,1,7,1,6,6],[5,3,5,0,0,5,3,3,0],[5,2,5,0,0,5,2,2,0],[7,2,8,7,8,7,2,2,8],[5,3,5,0,0,5,3,3,0],[4,2,8,4,8,4,2,2,8]]
Proves [1,151,152,166,167,168,1426,1427,1428,1429,1430,1478,1479,1480,1481,1482,1483,1484,1485,1486,1487,2035,2036,2050,2051,2052,2087,2088,2089,2124,2125,2126,2161,2162,2163,2164,3456,3457,3511,3512,3513,3862,3877,3918,3955,3993]

Table [[2,3,5,2,2,5,3,5,3],[4,7,6,6,4,6,7,4,7],[4,3,0,0,4,0,3,4,3],[8,8,6,6,1,6,1,1,8],[4,7,0,0,4,0,7,4,7],[2,7,5,2,2,5,7,5,7],[2,3,5,2,2,5,3,5,3],[8,8,6,6,1,6,1,1,8],[8,8,0,0,1,0,1,1,8]]
Proves [1,151,152,166,167,168,1426,1427,1428,1429,1430,1478,1479,1480,1481,1482,1483,1484,1485,1486,1487,2035,2036,2050,2051,2052,2087,2088,2089,2124,2125,2126,2161,2162,2163,2164,3456,3457,3511,3512,3513,3862,3877,3918,3955,3993]

Table [[3,3,1,7,3,1,7,7,1],[8,8,5,2,8,5,2,2,5],[3,3,6,7,3,6,7,7,6],[4,0,1,0,4,1,4,0,1],[4,0,6,0,4,6,4,0,6],[8,8,5,2,8,5,2,2,5],[8,8,5,2,8,5,2,2,5],[3,3,6,7,3,6,7,7,6],[4,0,1,0,4,1,4,0,1]]
Proves [1,151,152,166,167,168,1426,1427,1428,1429,1430,1478,1479,1480,1481,1482,1483,1484,1485,1486,1487,2035,2036,2050,2051,2052,2087,2088,2089,2124,2125,2126,2161,2162,2163,2164,3456,3457,3511,3512,3513,3862,3877,3918,3955,3993]

Table [[3,2,2,2,1,3,1,3,1],[8,8,4,8,6,4,4,6,6],[3,2,2,2,1,3,1,3,1],[5,0,0,0,7,5,5,7,7],[5,2,2,2,6,5,5,6,6],[5,0,0,0,6,5,5,6,6],[8,8,4,8,7,4,4,7,7],[8,8,4,8,7,4,4,7,7],[3,0,0,0,1,3,1,3,1]]
Proves [1,151,152,166,167,168,1426,1427,1428,1429,1430,1478,1479,1480,1481,1482,1483,1484,1485,1486,1487,2035,2036,2050,2051,2052,2087,2088,2089,2124,2125,2126,2161,2162,2163,2164,3456,3457,3511,3512,3513,3862,3877,3918,3955,3993]

Table [[2,2,3,3,8,8,2,8,3],[7,1,7,4,1,4,4,1,7],[6,1,0,0,1,6,6,1,0],[2,2,3,3,8,8,2,8,3],[6,5,3,3,5,6,6,5,3],[7,1,7,4,1,4,4,1,7],[6,5,0,0,5,6,6,5,0],[2,2,0,0,8,8,2,8,0],[7,5,7,4,5,4,4,5,7]]
Proves [1,151,152,166,167,168,1426,1427,1428,1429,1430,1478,1479,1480,1481,1482,1483,1484,1485,1486,1487,2035,2036,2050,2051,2052,2087,2088,2089,2124,2125,2126,2161,2162,2163,2164,3456,3457,3511,3512,3513,3862,3877,3918,3955,3993]

Table [[1,2,3,3,1,2,1,2,3],[6,0,0,0,6,4,6,4,4],[1,7,5,5,1,7,1,7,5],[8,2,3,3,8,2,8,2,3],[8,7,5,5,8,7,8,7,5],[8,2,3,3,8,2,8,2,3],[6,0,0,0,6,4,6,4,4],[1,7,5,5,1,7,1,7,5],[6,0,0,0,6,4,6,4,4]]
Proves [1,151,152,166,167,168,1426,1427,1428,1429,1430,1478,1479,1480,1481,1482,1483,1484,1485,1486,1487,2035,2036,2050,2051,2052,2087,2088,2089,2124,2125,2126,2161,2162,2163,2164,3456,3457,3511,3512,3513,3862,3877,3918,3955,3993]

Table [[5,2,2,8,5,2,8,8,5],[7,3,6,7,3,6,3,7,6],[5,2,2,1,5,2,1,1,5],[4,4,6,1,4,6,1,1,6],[4,4,0,1,4,0,1,1,0],[4,4,0,8,4,0,8,8,0],[5,2,2,8,5,2,8,8,5],[7,3,0,7,3,0,3,7,0],[7,3,6,7,3,6,3,7,6]]
Proves [1,151,152,166,167,168,1426,1427,1428,1429,1430,1478,1479,1480,1481,1482,1483,1484,1485,1486,1487,2035,2036,2050,2051,2052,2087,2088,2089,2124,2125,2126,2161,2162,2163,2164,3456,3457,3511,3512,3513,3862,3877,3918,3955,3993]

Table [[2,3,5,5,3,5,3,2,2],[1,1,0,0,1,0,4,4,4],[8,8,0,0,8,0,7,7,7],[1,1,6,6,1,6,4,4,4],[8,8,6,6,8,6,7,7,7],[2,3,5,5,3,5,3,2,2],[2,3,5,5,3,5,3,2,2],[8,8,6,6,8,6,7,7,7],[1,1,0,0,1,0,4,4,4]]
Proves [1,151,152,166,167,168,1426,1427,1428,1429,1430,1478,1479,1480,1481,1482,1483,1484,1485,1486,1487,2035,2036,2050,2051,2052,2087,2088,2089,2124,2125,2126,2161,2162,2163,2164,3456,3457,3511,3512,3513,3862,3877,3918,3955,3993]

Table [[4,3,4,1,1,3,3,1,4],[4,3,4,7,7,3,3,7,4],[5,0,8,0,0,5,8,8,5],[5,6,6,1,1,5,6,1,5],[2,0,8,0,0,2,8,8,2],[5,0,8,0,0,5,8,8,5],[2,6,6,1,1,2,6,1,2],[4,3,4,7,7,3,3,7,4],[2,6,6,7,7,2,6,7,2]]
Proves [1,151,152,166,167,168,1426,1427,1428,1429,1430,1478,1479,1480,1481,1482,1483,1484,1485,1486,1487,2035,2036,2050,2051,2052,2087,2088,2089,2124,2125,2126,2161,2162,2163,2164,3456,3457,3511,3512,3513,3862,3877,3918,3955,3993]

Table [[2,3,5,5,2,5,3,3,2],[1,1,0,0,6,0,1,6,6],[8,8,0,0,4,0,8,4,4],[1,1,7,7,6,7,1,6,6],[8,8,7,7,4,7,8,4,4],[2,3,5,5,2,5,3,3,2],[8,8,7,7,4,7,8,4,4],[2,3,5,5,2,5,3,3,2],[1,1,0,0,6,0,1,6,6]]
Proves [1,151,152,166,167,168,1426,1427,1428,1429,1430,1478,1479,1480,1481,1482,1483,1484,1485,1486,1487,2035,2036,2050,2051,2052,2087,2088,2089,2124,2125,2126,2161,2162,2163,2164,3456,3457,3511,3512,3513,3862,3877,3918,3955,3993]

Table [[2,3,3,3,2,2,5,5,5],[7,8,8,8,7,7,6,6,6],[4,4,0,0,4,0,5,5,5],[2,3,3,3,2,2,1,1,1],[4,4,0,0,4,0,1,1,1],[7,8,8,8,7,7,6,6,6],[7,8,8,8,7,7,6,6,6],[4,4,0,0,4,0,5,5,5],[2,3,3,3,2,2,1,1,1]]
Proves [1,151,152,166,167,168,1426,1427,1428,1429,1430,1478,1479,1480,1481,1482,1483,1484,1485,1486,1487,2035,2036,2050,2051,2052,2087,2088,2089,2124,2125,2126,2161,2162,2163,2164,3456,3457,3511,3512,3513,3862,3877,3918,3955,3993]

Table [[2,2,4,5,4,5,2,4,5],[3,3,3,7,8,7,8,8,7],[6,6,0,1,0,0,6,1,1],[2,2,0,1,0,0,2,1,1],[2,2,4,7,4,7,2,4,7],[3,3,3,5,8,5,8,8,5],[6,6,0,1,0,0,6,1,1],[3,3,3,5,8,5,8,8,5],[6,6,4,7,4,7,6,4,7]]
Proves [1,151,152,166,167,168,1426,1427,1428,1429,1430,1478,1479,1480,1481,1482,1483,1484,1485,1486,1487,2035,2036,2050,2051,2052,2087,2088,2089,2124,2125,2126,2161,2162,2163,2164,3456,3457,3511,3512,3513,3862,3877,3918,3955,3993]

Table [[3,4,3,6,6,4,4,6,3],[1,1,1,0,0,2,0,2,2],[8,8,8,7,7,5,5,7,5],[8,8,8,0,0,2,0,2,2],[1,1,1,6,6,5,5,6,5],[8,8,8,6,6,5,5,6,5],[3,4,3,7,7,4,4,7,3],[3,4,3,7,7,4,4,7,3],[1,1,1,0,0,2,0,2,2]]
Proves [1,151,152,166,167,168,1426,1427,1428,1429,1430,1478,1479,1480,1481,1482,1483,1484,1485,1486,1487,2035,2036,2050,2051,2052,2087,2088,2089,2124,2125,2126,2161,2162,2163,2164,3456,3457,3511,3512,3513,3862,3877,3918,3955,3993]

Table [[2,3,3,3,2,2,5,5,5],[8,8,7,7,8,7,6,6,6],[4,4,0,0,4,0,5,5,5],[2,3,3,3,2,2,1,1,1],[4,4,0,0,4,0,1,1,1],[8,8,7,7,8,7,6,6,6],[8,8,7,7,8,7,6,6,6],[2,3,3,3,2,2,5,5,5],[4,4,0,0,4,0,1,1,1]]
Proves [1,151,152,166,167,168,1426,1427,1428,1429,1430,1478,1479,1480,1481,1482,1483,1484,1485,1486,1487,2035,2036,2050,2051,2052,2087,2088,2089,2124,2125,2126,2161,2162,2163,2164,3456,3457,3511,3512,3513,3862,3877,3918,3955,3993]

Table [[0,2,5,0,6,2,4],[3,3,3,3,3,3,3],[4,6,2,2,0,6,5],[1,1,1,1,1,1,1],[5,0,6,4,4,0,2],[6,5,4,5,2,5,0],[2,4,0,6,5,4,6]]
Proves [1,23,151,203,307,1426,1629,1647,1832,2238,2441,2450,3050,3056,3068,3079,3253,3306,3456,3522,4065,4071,4118,4130]

Table [[0,0,3,4,3,6,5],[2,2,2,2,2,2,2],[1,1,1,1,1,1,1],[6,3,5,3,5,4,0],[5,4,4,6,4,0,3],[3,5,6,0,6,5,4],[4,6,0,5,0,3,6]]
Proves [1,23,151,203,307,1426,1629,1647,1832,2238,2441,2450,3050,3056,3068,3079,3253,3306,3456,3522,4065,4071,4118,4130]

Table [[2,1,2,7,7,5,2,7,7,2,10],[3,6,6,3,8,6,6,8,8,6,6],[0,5,5,3,4,5,6,7,8,6,5],[2,1,2,2,1,5,5,1,10,2,10],[9,10,2,9,10,10,6,10,10,9,10],[0,10,2,3,8,8,6,8,8,9,10],[4,1,2,8,4,5,8,7,8,2,10],[0,10,2,0,0,10,6,10,0,9,10],[9,1,2,9,1,5,6,1,10,9,10],[4,5,5,8,4,5,5,7,8,5,5],[0,5,6,3,4,5,6,7,8,6,6]]
Proves [1,23,203,208,211,307,323,1629,2238,2243,2246,2253,2263,2266,2281,2441,2443,2446,2449,2452,2456,2466,2476,2644,2646,2696,2706,2709,2712,3050,3065,3142,3253,3306,3456,3519,3522,4065,4070,4118,4128]

Table [[2,1,2,2,4,5,4,4,2,2,10],[3,7,7,3,7,7,7,7,9,9,9],[0,5,5,3,4,5,6,7,9,9,5],[4,1,2,4,4,5,4,4,2,4,10],[0,10,2,3,10,10,7,7,8,9,10],[0,10,2,3,7,7,7,7,8,9,10],[9,10,2,9,10,10,10,10,8,9,10],[8,1,2,9,4,5,4,9,8,9,10],[6,5,5,6,4,5,6,7,5,4,5],[6,1,2,6,4,5,6,7,2,4,10],[0,5,9,3,4,5,6,7,9,9,9]]
Proves [1,23,203,208,211,307,323,1629,2238,2243,2246,2253,2256,2263,2266,2273,2277,2281,2441,2443,2446,2449,2452,2456,2466,2476,2644,2646,2696,2706,2709,2712,3050,3065,3142,3253,3306,3456,3458,3519,3522,4065,4118,4128]

Table [[2,1,2,4,4,2,4,2,8,4,10],[3,7,7,3,3,7,9,7,7,9,7],[0,8,8,3,4,7,6,7,8,9,8],[2,1,2,2,1,2,1,2,8,2,10],[0,10,2,0,10,5,0,7,10,0,10],[6,8,8,9,6,8,6,8,8,9,8],[5,10,2,5,10,5,10,7,10,2,10],[6,1,2,9,4,2,6,9,8,9,10],[0,10,2,3,3,5,9,7,9,9,10],[5,1,2,5,1,5,1,7,8,2,10],[0,8,7,3,4,7,6,7,8,9,7]]
Proves [1,23,203,208,211,307,323,1629,2238,2243,2246,2253,2263,2266,2281,2441,2443,2446,2449,2452,2456,2466,2476,2644,2646,2696,2706,2709,2712,3050,3065,3142,3253,3306,3456,3519,3522,4065,4070,4118,4128]

Table [[2,1,2,5,2,5,6,5,8,2,2],[3,4,3,3,4,10,4,10,10,4,10],[0,8,8,3,4,5,8,7,8,4,10],[5,1,2,5,5,5,6,5,8,2,5],[7,1,2,10,10,5,6,7,8,2,10],[0,6,2,3,4,6,6,10,6,9,10],[0,8,4,3,4,5,4,7,8,4,10],[9,6,2,9,4,6,6,6,6,9,2],[0,6,2,3,4,10,6,10,10,9,10],[7,8,8,7,5,5,8,7,8,8,10],[9,1,2,9,4,5,6,5,8,9,2]]
Proves [1,23,203,208,211,307,323,1629,2238,2243,2246,2253,2256,2263,2266,2273,2277,2281,2441,2443,2446,2449,2452,2456,2466,2476,2644,2646,2696,2706,2709,2712,3050,3065,3142,3253,3306,3456,3519,3522,4065,4118,4128]

Table [[2,6,2,7,2,2,6,7,2,2,2],[0,5,8,5,4,5,5,5,8,8,10],[0,3,7,3,4,5,7,7,8,8,10],[4,9,2,4,4,4,9,4,8,9,4],[10,1,2,3,2,5,6,7,2,2,10],[4,1,2,7,4,4,6,7,8,9,4],[0,5,8,5,4,5,5,5,8,8,10],[0,9,2,0,4,5,9,8,8,9,10],[10,1,2,3,10,5,6,7,10,2,10],[10,3,10,3,10,5,7,7,10,10,10],[4,1,2,7,4,7,6,7,8,9,7]]
Proves [1,23,203,208,211,307,323,1629,2238,2243,2246,2253,2256,2263,2266,2277,2281,2441,2443,2446,2449,2452,2456,2466,2476,2644,2646,2696,2706,2709,2712,3050,3065,3142,3253,3306,3456,3458,3519,3522,4065,4070,4118,4128,4138]

Table [[5,1,5,9,9,5,9,7,5,9,10],[3,2,2,3,4,2,4,2,2,4,2],[6,1,4,4,4,5,6,7,5,9,10],[5,1,5,5,10,5,1,7,5,1,10],[8,1,2,8,10,5,1,7,8,1,10],[0,7,2,3,4,7,6,7,2,9,7],[8,10,2,8,10,5,10,10,8,10,10],[0,10,2,3,4,5,4,4,8,4,10],[6,7,7,4,4,7,6,7,7,9,7],[0,10,2,0,0,5,0,10,8,10,10],[0,7,2,3,4,2,6,7,2,9,2]]
Proves [1,23,203,208,211,307,323,1629,2238,2243,2246,2253,2263,2266,2281,2441,2443,2446,2449,2452,2456,2466,2476,2644,2646,2696,2706,2709,2712,3050,3065,3142,3253,3306,3456,3519,3522,4065,4070,4118,4128]

Table [[2,2,2,3,9,5,6,5,9,9,2],[8,6,3,3,8,5,6,7,8,9,3],[0,4,6,6,4,6,6,7,8,9,4],[4,1,1,7,4,7,7,7,7,7,1],[9,2,2,3,9,5,6,9,9,9,2],[0,1,1,6,4,1,6,7,8,9,1],[0,1,2,5,4,5,7,7,7,7,10],[10,1,2,3,1,5,6,1,9,9,10],[10,1,2,5,1,5,5,5,5,5,10],[0,1,2,5,4,5,5,7,7,5,10],[8,6,6,6,8,6,6,7,8,9,6]]
Proves [1,23,203,208,211,307,323,1629,2238,2243,2246,2263,2266,2441,2443,2446,2449,2452,2456,2466,2476,2644,2646,2696,2706,2709,2712,3050,3065,3142,3253,3306,3456,3519,3522,4065,4118,4128]

Table [[2,1,2,8,2,5,8,7,8,8,2],[3,4,4,3,4,4,9,4,9,9,4],[0,5,5,3,4,5,6,5,8,9,4],[2,1,2,2,2,5,1,7,1,2,2],[6,1,2,9,9,5,6,7,8,9,2],[0,7,2,3,4,9,9,7,9,9,10],[10,7,2,10,4,7,7,7,7,2,10],[0,5,4,3,4,5,6,4,8,9,4],[0,7,2,0,4,7,0,7,7,0,10],[10,1,2,10,4,5,1,7,1,7,10],[6,5,5,9,5,5,6,5,8,9,5]]
Proves [1,23,203,208,211,307,323,1629,2238,2243,2246,2253,2263,2266,2281,2441,2443,2446,2449,2452,2456,2466,2476,2644,2646,2696,2706,2709,2712,3050,3065,3142,3253,3306,3456,3519,3522,4065,4070,4118,4128]

Table [[2,1,2,2,4,6,6,2,10,2,10],[3,7,7,3,7,8,7,7,8,7,7],[0,4,4,3,4,5,6,7,8,7,4],[2,1,2,2,4,6,6,2,10,2,10],[0,10,2,3,8,8,8,7,8,9,10],[9,10,2,9,10,10,10,7,10,9,10],[0,10,2,3,10,8,10,7,8,9,10],[5,1,2,8,4,5,6,8,8,2,10],[9,1,2,9,4,6,6,7,10,9,10],[8,4,4,8,4,5,6,6,8,4,4],[0,4,7,3,4,5,6,7,8,7,7]]
Proves [1,23,203,208,211,307,323,1629,2238,2243,2246,2253,2256,2263,2266,2273,2277,2281,2441,2443,2446,2449,2452,2456,2466,2476,2644,2646,2696,2706,2709,2712,3050,3065,3142,3253,3306,3456,3458,3519,3522,4065,4070,4118,4128,4138]

Table [[2,2,2,3,5,5,8,7,8,5,2],[9,7,3,3,9,5,6,7,8,9,3],[0,4,7,7,4,5,6,7,7,9,4],[4,1,1,6,4,6,6,6,6,6,1],[5,2,2,3,5,5,5,7,8,5,2],[0,1,2,8,4,8,6,8,8,6,10],[10,1,2,3,1,5,1,7,8,5,10],[0,1,2,8,4,6,6,6,8,6,10],[0,1,1,7,4,5,6,7,1,9,1],[10,1,2,8,1,8,8,8,8,8,10],[9,7,7,7,9,5,6,7,7,9,7]]
Proves [1,23,203,208,211,307,323,1629,2238,2243,2246,2263,2266,2441,2443,2446,2449,2452,2456,2466,2476,2644,2646,2696,2706,2709,2712,3050,3065,3142,3253,3306,3456,3519,3522,4065,4118,4128]

Table [[3,1,4,3,4,3,4,7,8,4,3],[2,5,2,5,2,5,6,5,5,2,5],[3,1,3,3,1,3,8,7,8,1,3],[0,7,2,7,4,5,6,7,7,9,5],[0,8,0,3,8,5,0,8,8,0,10],[9,1,6,3,4,6,6,7,8,9,3],[10,1,10,3,1,5,8,7,8,1,10],[0,8,2,3,2,5,6,6,8,6,10],[0,7,2,5,4,5,6,7,5,9,5],[10,8,10,3,8,5,3,8,8,8,10],[9,7,9,7,9,7,6,7,7,9,7]]
Proves [1,23,203,208,211,307,323,1629,2238,2243,2246,2253,2263,2266,2281,2441,2443,2446,2449,2452,2456,2466,2476,2644,2646,2696,2706,2709,2712,3050,3065,3142,3253,3306,3456,3519,3522,4065,4070,4118,4128]

Table [[1,2,3,5,2,4],[0,1,2,3,4,5],[5,3,1,4,0,3],[4,4,0,1,5,2],[3,5,5,2,1,0],[2,0,4,0,3,1]]
Proves [1,23,31,40,1629,1637,1718,1731,1746,2441,2466,2496,2543,2605,2644,2652,2662,2706,2733,2746,2761,2795,3050,3058,3113,3139,3152,3167,3456,3464,3472,3485,3500,3509,3522,3537,3659,3662,3665,3677,3684,3688,3692,3700,3712,3759,3820,4065,4068,4090,4094,4098,4118,4165,4226,4270,4341,4590,4622]

Table [[1,0,5,4,3,2],[2,1,3,4,5,0],[3,2,1,0,5,4],[5,3,4,1,2,0],[2,4,0,5,1,3],[4,5,3,2,0,1]]
Proves [1,8,11,40,411,414,436,440,444,474,817,820,823,835,842,846,850,858,1020,1028,1036,1049,1064,1832,1835,1857,1861,1865,3253,3256,3278,3282,3286,3315,3319,3323,3659,3662,3665,3677,3684,3688,3692,3700,3721,3725,3729,3862,3870,3878,3891,3906,3915,3928,3943,4270,4341,4590,4622]

Table [[2,7,0,4,6,0,0,8,7,8,0],[2,5,4,1,2,1,1,1,5,1,1],[2,3,5,1,2,2,2,2,5,2,1],[3,3,5,9,3,10,10,10,5,3,5],[6,7,4,4,6,4,4,1,7,1,4],[5,5,5,9,5,9,10,10,5,5,5],[6,6,6,9,6,9,10,10,6,6,6],[6,7,7,9,6,9,9,10,7,6,7],[2,3,4,1,2,8,8,8,5,8,1],[10,9,9,9,6,9,9,10,9,1,9],[10,10,5,9,10,10,10,10,5,10,1]]
Proves [1,8,99,101,107,359,378,411,413,430,817,818,823,832,843,854,1020,1022,1025,1028,1031,1035,1045,1055,1223,1228,1231,1248,1251,1832,3253,3316,3319,3862,3915,3925,4065,4131]

Table [[1,13,0,14,16,3,9,13,1,1,2,2,8,0,3,8,4],[2,5,9,11,7,6,4,5,13,2,5,5,4,8,6,4,12],[0,8,1,3,4,14,2,8,0,0,9,9,13,1,14,13,16],[16,7,4,0,0,15,6,7,14,16,11,11,12,3,15,12,15],[3,6,14,15,0,0,12,6,16,3,7,7,11,4,0,11,15],[4,12,16,15,15,0,11,12,3,4,6,6,7,14,0,7,0],[13,5,8,7,6,12,5,5,9,13,4,4,4,2,12,4,11],[2,5,9,11,7,6,4,5,13,2,5,5,4,8,6,4,12],[0,9,1,4,14,16,8,9,1,0,13,13,2,0,16,2,3],[1,13,0,14,16,3,9,13,1,1,2,2,8,0,3,8,4],[8,4,13,12,11,7,4,4,2,8,5,5,5,9,7,5,6],[8,4,13,12,11,7,4,4,2,8,5,5,5,9,7,5,6],[9,4,2,6,12,11,5,4,8,9,4,4,5,13,11,5,7],[1,2,0,16,3,4,13,2,0,1,8,8,9,1,4,9,14],[4,12,16,15,15,0,11,12,3,4,6,6,7,14,0,7,0],[9,4,2,6,12,11,5,4,8,9,4,4,5,13,11,5,7],[14,11,3,0,15,15,7,11,4,14,12,12,6,16,15,6,0]]
Proves [1,3862,3964]

Table [[1,1,19,1,19,1,1,19,16,19,16,1,19,16,19,1,1,16,19,16,19],[15,1,5,5,5,1,11,11,16,5,16,1,15,11,15,1,1,11,5,16,11],[15,1,5,5,5,1,11,11,16,5,16,1,15,11,15,1,1,11,5,16,11],[17,20,7,7,7,20,17,7,17,17,20,20,17,7,17,20,20,20,20,20,7],[14,0,12,9,9,8,9,12,14,14,9,8,14,12,14,8,0,12,9,0,12],[4,2,18,9,9,2,9,3,4,4,9,2,4,18,4,2,2,3,9,18,3],[15,1,5,5,5,1,11,11,16,5,16,1,15,11,15,1,1,11,5,16,11],[4,2,7,13,7,2,13,7,4,4,20,2,4,7,4,2,2,20,20,13,7],[15,15,5,5,5,11,11,11,5,5,5,5,15,11,15,15,5,11,5,11,11],[4,6,18,10,10,6,10,3,4,4,10,6,4,18,4,6,6,3,10,18,3],[4,6,18,10,10,6,10,3,4,4,10,6,4,18,4,6,6,3,10,18,3],[17,6,7,13,7,6,13,7,17,17,20,6,17,7,17,6,6,20,20,13,7],[17,2,7,13,7,2,13,7,17,17,20,2,17,7,17,2,2,20,20,13,7],[19,6,19,6,19,6,6,3,6,19,6,6,19,6,19,6,6,3,19,19,3],[14,0,12,9,9,8,9,12,14,14,9,8,14,12,14,8,0,12,9,0,12],[14,0,12,0,14,12,0,12,14,14,0,0,14,12,14,14,0,12,0,0,12],[10,19,19,10,10,8,10,10,8,19,10,8,19,10,19,8,10,19,10,19,10],[14,0,12,9,9,8,9,12,14,14,9,8,14,12,14,8,0,12,9,0,12],[13,2,19,13,19,2,13,13,2,19,13,2,19,2,19,2,2,13,2,13,19],[14,2,12,9,9,2,9,12,14,14,9,2,14,12,14,2,2,12,9,12,12],[17,10,18,10,10,17,10,18,17,17,10,18,17,18,17,17,10,17,10,18,17]]
Proves [1,2035,2036,2124,2125,2126,3456,3457,3511,3512,3513]

Table [[1,12,12,7,7,6,14,12,18,7,18,12,0,6,19,11,18,7,6,6,18],[2,8,8,10,10,19,0,0,20,10,20,8,0,19,19,8,10,20,0,19,20],[1,2,2,13,13,11,0,0,1,13,1,2,0,2,11,11,11,13,0,1,1],[1,2,2,10,15,11,14,12,1,15,1,2,15,2,11,11,11,15,6,1,1],[2,12,12,7,4,6,4,12,9,4,9,12,4,6,19,3,11,9,6,6,9],[1,2,2,7,7,11,14,5,1,7,1,2,0,2,11,11,11,7,17,1,1],[2,5,5,13,13,19,4,5,18,13,18,5,4,19,19,3,18,13,6,19,18],[2,3,3,7,4,17,4,5,9,4,9,3,4,17,16,3,18,9,17,17,9],[1,2,2,7,15,11,0,12,1,15,1,2,15,2,11,11,11,15,0,1,1],[1,8,8,10,10,17,4,0,20,10,20,8,4,17,19,8,10,20,17,17,20],[2,3,3,10,4,16,4,5,9,4,9,3,4,16,16,3,10,9,6,16,9],[1,5,5,13,15,16,14,5,14,15,14,5,15,16,16,8,11,15,17,16,14],[1,2,2,7,7,11,0,0,1,7,1,2,4,2,11,11,11,7,0,1,1],[1,3,3,7,4,17,4,12,9,4,9,3,4,17,11,3,18,9,17,17,9],[1,8,8,10,10,6,0,0,20,10,20,8,4,6,19,8,10,20,6,6,20],[2,12,12,13,4,17,4,12,9,4,9,12,4,17,11,11,18,9,17,17,9],[1,5,5,13,13,19,14,5,14,13,14,5,4,19,19,3,10,13,6,19,14],[1,5,5,13,13,19,14,5,18,13,18,5,4,19,19,11,18,13,0,19,18],[1,8,8,10,10,16,0,0,20,10,20,8,4,16,16,8,10,20,17,16,20],[1,5,5,13,13,19,14,5,14,13,14,5,4,19,19,3,11,13,0,19,14],[1,8,8,10,10,17,0,5,20,10,20,8,4,17,19,8,10,20,17,17,20]]
Proves [1,1426,1429,1478,1482,1486,3862,3877]

