-- 467 (complete)
Table [[1,3,2,4,0], [4,2,0,3,1], [0,4,3,1,2], [2,1,4,0,3], [3,0,1,2,4]]
Proves [1, 99, 108, 115, 117, 411, 417, 429, 440, 452, 467, 473, 513, 562, 2035, 2064, 2088, 2100, 2127, 2134, 2644, 2673, 2699, 2707, 2734, 2743, 2847, 2876, 2903, 2909, 2937, 2939, 4273, 4332, 4343, 4591, 4598, 4673]

Table [[4,2,0,3,1], [2,0,3,1,4], [0,3,1,4,2], [3,1,4,2,0], [1,4,2,0,3]]
Proves [1, 43, 411, 427, 429, 467, 473, 511, 513, 556, 562, 614, 632, 639, 667, 679, 707, 714, 749, 775, 1020, 1023, 1026, 1085, 1109, 1113, 1117, 1120, 1131, 1223, 1229, 1239, 1278, 1289, 1301, 1316, 1322, 1355, 2238, 2247, 2254, 2293, 2300, 2331, 2338, 2370, 2383, 2441, 2444, 2467, 2503, 2507, 2511, 2530, 2534, 2538, 2847, 2855, 2865, 2873, 2900, 2913, 2928, 2940, 2982, 3050, 3056, 3068, 3079, 3091, 3105, 3116, 3128, 3140, 4283, 4343, 4358, 4380, 4398, 4405, 4435, 4442, 4470, 4482, 4531, 4544, 4608, 4635, 4677]

-- 677 (possibly incomplete)
Table [[0,4,3,2,1], [2,1,0,4,3], [4,3,2,1,0], [1,0,4,3,2], [3,2,1,0,4]]
Proves [1, 3, 8, 16, 23, 47, 55, 72, 99, 118, 127, 151, 167, 179, 203, 209, 222, 228, 255, 261, 274, 307, 315, 326, 359, 375, 384, 411, 419, 436, 466, 474, 500, 513, 528, 575, 614, 633, 642, 669, 677, 703, 817, 833, 845, 883, 909, 916, 1020, 1026, 1039, 1045, 1075, 1086, 1098, 1122, 1184, 1223, 1229, 1242, 1279, 1313, 1325, 1426, 1434, 1444, 1452, 1482, 1525, 1629, 1647, 1655, 1682, 1691, 1722, 1731, 1764, 1780, 1832, 1840, 1851, 1885, 1898, 1913, 1921, 1934, 1949, 2035, 2054, 2061, 2101, 2125, 2137, 2238, 2254, 2263, 2304, 2327, 2441, 2450, 2467, 2497, 2506, 2531, 2540, 2644, 2650, 2660, 2699, 2710, 2722, 2737, 2743, 2776, 2847, 2865, 2873, 2903, 2912, 2936, 3050, 3056, 3068, 3079, 3091, 3103, 3115, 3143, 3185, 3253, 3261, 3278, 3306, 3319, 3334, 3345, 3353, 3414, 3456, 3475, 3484, 3522, 3548, 3556, 3659, 3675, 3687, 3715, 3722, 3748, 3862, 3868, 3881, 3887, 3915, 3951, 3962, 3973, 4023, 4065, 4071, 4084, 4118, 4130, 4164, 4275, 4307, 4321, 4380, 4409, 4435, 4443, 4470, 4479, 4605, 4636, 4684]

-- 704 (complete)
Table [[3,4,1,2,0], [2,0,4,1,3], [0,1,2,3,4], [1,3,0,4,2], [4,2,3,0,1]]
Proves [1, 203, 209, 219, 231, 614, 620, 633, 670, 704, 716, 817, 826, 833, 873, 880, 919, 1426, 1435, 1445, 1452, 1479, 1528, 3050, 3056, 3068, 3079, 3091, 3112, 3140, 3152, 3201, 4276, 4320, 4362, 4588, 4608, 4647]

Table [[0,4,1,2,3], [3,1,0,4,2], [4,3,2,0,1], [1,2,4,3,0], [2,0,3,1,4]]
Proves [1, 3, 8, 23, 26, 47, 65, 73, 99, 102, 117, 125, 151, 160, 167, 203, 212, 229, 255, 258, 263, 307, 326, 335, 359, 362, 375, 411, 429, 437, 464, 473, 504, 513, 546, 562, 614, 617, 632, 640, 679, 704, 817, 826, 833, 872, 879, 910, 917, 949, 962, 1020, 1029, 1046, 1076, 1085, 1110, 1119, 1223, 1226, 1231, 1278, 1323, 1426, 1455, 1482, 1491, 1518, 1526, 1629, 1632, 1654, 1658, 1662, 1682, 1721, 1729, 1790, 1832, 1838, 1850, 1861, 1873, 1885, 1897, 1925, 1967, 2035, 2044, 2053, 2060, 2100, 2125, 2238, 2267, 2294, 2300, 2328, 2330, 2441, 2449, 2457, 2470, 2485, 2503, 2533, 2541, 2586, 2644, 2653, 2663, 2672, 2699, 2744, 2847, 2850, 2863, 2875, 2910, 2939, 3050, 3053, 3058, 3066, 3075, 3079, 3083, 3094, 3113, 3253, 3271, 3279, 3319, 3343, 3352, 3456, 3459, 3474, 3482, 3518, 3522, 3526, 3558, 3607, 3659, 3668, 3675, 3715, 3722, 3761, 3862, 3871, 3888, 3915, 3924, 3954, 4065, 4068, 4073, 4118, 4127, 4131, 4135, 4146, 4157, 4290, 4321, 4369, 4380, 4383, 4408, 4435, 4443, 4470, 4585, 4636, 4656]

-- 1076, 2910 (possibly incomplete)
Table [[0,4,3,1,2], [2,1,4,0,3], [1,3,2,4,0], [4,2,0,3,1], [3,0,1,2,4]]
Proves [1, 3, 8, 23, 26, 47, 65, 73, 99, 102, 117, 125, 151, 160, 167, 203, 212, 229, 255, 258, 263, 307, 326, 335, 359, 362, 375, 411, 429, 437, 464, 473, 504, 513, 546, 562, 614, 617, 632, 640, 679, 704, 817, 826, 833, 872, 879, 910, 917, 949, 962, 1020, 1029, 1046, 1076, 1085, 1110, 1119, 1223, 1226, 1231, 1278, 1323, 1426, 1455, 1482, 1491, 1518, 1526, 1629, 1632, 1654, 1658, 1662, 1682, 1721, 1729, 1790, 1832, 1838, 1850, 1861, 1873, 1885, 1897, 1925, 1967, 2035, 2044, 2053, 2060, 2100, 2125, 2238, 2267, 2294, 2300, 2328, 2330, 2441, 2449, 2457, 2470, 2485, 2503, 2533, 2541, 2586, 2644, 2653, 2663, 2672, 2699, 2744, 2847, 2850, 2863, 2875, 2910, 2939, 3050, 3053, 3058, 3066, 3075, 3079, 3083, 3094, 3113, 3253, 3271, 3279, 3319, 3343, 3352, 3456, 3459, 3474, 3482, 3518, 3522, 3526, 3558, 3607, 3659, 3668, 3675, 3715, 3722, 3761, 3862, 3871, 3888, 3915, 3924, 3954, 4065, 4068, 4073, 4118, 4127, 4131, 4135, 4146, 4157, 4290, 4321, 4369, 4380, 4383, 4408, 4435, 4443, 4470, 4585, 4636, 4656]

-- 1279 (possibly incomplete)
Table [[0,4,3,2,1], [3,1,4,0,2], [1,0,2,4,3], [4,2,1,3,0], [2,3,0,1,4]]
Proves [1, 3, 8, 16, 23, 47, 55, 72, 99, 118, 127, 151, 167, 179, 203, 209, 222, 228, 255, 261, 274, 307, 315, 326, 359, 375, 384, 411, 419, 436, 466, 474, 500, 513, 528, 575, 614, 633, 642, 669, 677, 703, 817, 833, 845, 883, 909, 916, 1020, 1026, 1039, 1045, 1075, 1086, 1098, 1122, 1184, 1223, 1229, 1242, 1279, 1313, 1325, 1426, 1434, 1444, 1452, 1482, 1525, 1629, 1647, 1655, 1682, 1691, 1722, 1731, 1764, 1780, 1832, 1840, 1851, 1885, 1898, 1913, 1921, 1934, 1949, 2035, 2054, 2061, 2101, 2125, 2137, 2238, 2254, 2263, 2304, 2327, 2441, 2450, 2467, 2497, 2506, 2531, 2540, 2644, 2650, 2660, 2699, 2710, 2722, 2737, 2743, 2776, 2847, 2865, 2873, 2903, 2912, 2936, 3050, 3056, 3068, 3079, 3091, 3103, 3115, 3143, 3185, 3253, 3261, 3278, 3306, 3319, 3334, 3345, 3353, 3414, 3456, 3475, 3484, 3522, 3548, 3556, 3659, 3675, 3687, 3715, 3722, 3748, 3862, 3868, 3881, 3887, 3915, 3951, 3962, 3973, 4023, 4065, 4071, 4084, 4118, 4130, 4164, 4275, 4307, 4321, 4380, 4409, 4435, 4443, 4470, 4479, 4605, 4636, 4684]

-- 1313, 2531 (possibly incomplete)
Table [[0,2,1,4,3], [4,1,3,2,0], [3,4,2,0,1], [1,0,4,3,2], [2,3,0,1,4]]
Proves [1, 3, 8, 16, 23, 47, 55, 72, 99, 118, 127, 151, 167, 179, 203, 209, 222, 228, 255, 261, 274, 307, 315, 326, 359, 375, 384, 411, 419, 436, 466, 474, 500, 513, 528, 575, 614, 633, 642, 669, 677, 703, 817, 833, 845, 883, 909, 916, 1020, 1026, 1039, 1045, 1075, 1086, 1098, 1122, 1184, 1223, 1229, 1242, 1279, 1313, 1325, 1426, 1434, 1444, 1452, 1482, 1525, 1629, 1647, 1655, 1682, 1691, 1722, 1731, 1764, 1780, 1832, 1840, 1851, 1885, 1898, 1913, 1921, 1934, 1949, 2035, 2054, 2061, 2101, 2125, 2137, 2238, 2254, 2263, 2304, 2327, 2441, 2450, 2467, 2497, 2506, 2531, 2540, 2644, 2650, 2660, 2699, 2710, 2722, 2737, 2743, 2776, 2847, 2865, 2873, 2903, 2912, 2936, 3050, 3056, 3068, 3079, 3091, 3103, 3115, 3143, 3185, 3253, 3261, 3278, 3306, 3319, 3334, 3345, 3353, 3414, 3456, 3475, 3484, 3522, 3548, 3556, 3659, 3675, 3687, 3715, 3722, 3748, 3862, 3868, 3881, 3887, 3915, 3951, 3962, 3973, 4023, 4065, 4071, 4084, 4118, 4130, 4164, 4275, 4307, 4321, 4380, 4409, 4435, 4443, 4470, 4479, 4605, 4636, 4684]

-- 1516 (possibly incomplete)
Table [[0,3,1,4,2], [3,1,4,2,0], [1,4,2,0,3], [4,2,0,3,1], [2,0,3,1,4]]
Proves [1, 3, 8, 23, 43, 47, 63, 65, 99, 117, 124, 151, 203, 206, 209, 255, 261, 271, 307, 326, 332, 359, 375, 387, 411, 427, 429, 467, 473, 511, 513, 556, 562, 614, 632, 639, 667, 679, 707, 714, 749, 775, 817, 870, 872, 879, 906, 1020, 1023, 1026, 1085, 1109, 1113, 1117, 1120, 1131, 1223, 1229, 1239, 1278, 1289, 1301, 1316, 1322, 1355, 1426, 1452, 1454, 1489, 1491, 1516, 1518, 1629, 1648, 1655, 1685, 1692, 1721, 1728, 1832, 1841, 1851, 1895, 1897, 1922, 1924, 2035, 2054, 2061, 2063, 2091, 2098, 2100, 2238, 2247, 2254, 2293, 2300, 2331, 2338, 2370, 2383, 2441, 2444, 2467, 2503, 2507, 2511, 2530, 2534, 2538, 2644, 2647, 2650, 2660, 2697, 2847, 2855, 2865, 2873, 2900, 2913, 2928, 2940, 2982, 3050, 3056, 3068, 3079, 3091, 3105, 3116, 3128, 3140, 3253, 3269, 3271, 3319, 3342, 3456, 3474, 3481, 3522, 3545, 3659, 3715, 3722, 3724, 3749, 3751, 3758, 3862, 3865, 3868, 3915, 3964, 4065, 4071, 4081, 4118, 4167, 4283, 4343, 4358, 4380, 4398, 4405, 4435, 4442, 4470, 4482, 4531, 4544, 4608, 4635, 4677]

-- 2091 (possibly incomplete)
Table [[0,4,1,2,3], [4,1,3,0,2], [1,3,2,4,0], [2,0,4,3,1], [3,2,0,1,4]]
Proves [1, 3, 8, 23, 43, 47, 63, 65, 99, 117, 124, 151, 203, 206, 209, 255, 261, 271, 307, 326, 332, 359, 375, 387, 411, 427, 429, 467, 473, 511, 513, 556, 562, 614, 632, 639, 667, 679, 707, 714, 749, 775, 817, 870, 872, 879, 906, 1020, 1023, 1026, 1085, 1109, 1113, 1117, 1120, 1131, 1223, 1229, 1239, 1278, 1289, 1301, 1316, 1322, 1355, 1426, 1452, 1454, 1489, 1491, 1516, 1518, 1629, 1648, 1655, 1685, 1692, 1721, 1728, 1832, 1841, 1851, 1895, 1897, 1922, 1924, 2035, 2054, 2061, 2063, 2091, 2098, 2100, 2238, 2247, 2254, 2293, 2300, 2331, 2338, 2370, 2383, 2441, 2444, 2467, 2503, 2507, 2511, 2530, 2534, 2538, 2644, 2647, 2650, 2660, 2697, 2847, 2855, 2865, 2873, 2900, 2913, 2928, 2940, 2982, 3050, 3056, 3068, 3079, 3091, 3105, 3116, 3128, 3140, 3253, 3269, 3271, 3319, 3342, 3456, 3474, 3481, 3522, 3545, 3659, 3715, 3722, 3724, 3749, 3751, 3758, 3862, 3865, 3868, 3915, 3964, 4065, 4071, 4081, 4118, 4167, 4283, 4343, 4358, 4380, 4398, 4405, 4435, 4442, 4470, 4482, 4531, 4544, 4608, 4635, 4677]

-- 2294, 2328 (possibly incomplete)
Table [[0,2,4,1,3], [4,1,3,0,2], [3,0,2,4,1], [2,4,1,3,0], [1,3,0,2,4]]
Proves [1, 3, 8, 23, 26, 47, 65, 73, 99, 102, 117, 125, 151, 160, 167, 203, 212, 229, 255, 258, 263, 307, 326, 335, 359, 362, 375, 411, 429, 437, 464, 473, 504, 513, 546, 562, 614, 617, 632, 640, 679, 704, 817, 826, 833, 872, 879, 910, 917, 949, 962, 1020, 1029, 1046, 1076, 1085, 1110, 1119, 1223, 1226, 1231, 1278, 1323, 1426, 1455, 1482, 1491, 1518, 1526, 1629, 1632, 1654, 1658, 1662, 1682, 1721, 1729, 1790, 1832, 1838, 1850, 1861, 1873, 1885, 1897, 1925, 1967, 2035, 2044, 2053, 2060, 2100, 2125, 2238, 2267, 2294, 2300, 2328, 2330, 2441, 2449, 2457, 2470, 2485, 2503, 2533, 2541, 2586, 2644, 2653, 2663, 2672, 2699, 2744, 2847, 2850, 2863, 2875, 2910, 2939, 3050, 3053, 3058, 3066, 3075, 3079, 3083, 3094, 3113, 3253, 3271, 3279, 3319, 3343, 3352, 3456, 3459, 3474, 3482, 3518, 3522, 3526, 3558, 3607, 3659, 3668, 3675, 3715, 3722, 3761, 3862, 3871, 3888, 3915, 3924, 3954, 4065, 4068, 4073, 4118, 4127, 4131, 4135, 4146, 4157, 4290, 4321, 4369, 4380, 4383, 4408, 4435, 4443, 4470, 4585, 4636, 4656]

--2903 (complete)
Table [[3,1,4,2,0], [0,2,3,4,1], [1,4,0,3,2], [4,0,2,1,3], [2,3,1,0,4]]
Proves [1, 99, 108, 115, 117, 411, 417, 429, 440, 452, 467, 473, 513, 562, 2035, 2064, 2088, 2100, 2127, 2134, 2644, 2673, 2699, 2707, 2734, 2743, 2847, 2876, 2903, 2909, 2937, 2939, 4273, 4332, 4343, 4591, 4598, 4673]

Table [[0,2,1,4,3], [3,1,4,0,2], [4,3,2,1,0], [2,4,0,3,1], [1,0,3,2,4]]
Proves [1, 3, 8, 16, 23, 47, 55, 72, 99, 118, 127, 151, 167, 179, 203, 209, 222, 228, 255, 261, 274, 307, 315, 326, 359, 375, 384, 411, 419, 436, 466, 474, 500, 513, 528, 575, 614, 633, 642, 669, 677, 703, 817, 833, 845, 883, 909, 916, 1020, 1026, 1039, 1045, 1075, 1086, 1098, 1122, 1184, 1223, 1229, 1242, 1279, 1313, 1325, 1426, 1434, 1444, 1452, 1482, 1525, 1629, 1647, 1655, 1682, 1691, 1722, 1731, 1764, 1780, 1832, 1840, 1851, 1885, 1898, 1913, 1921, 1934, 1949, 2035, 2054, 2061, 2101, 2125, 2137, 2238, 2254, 2263, 2304, 2327, 2441, 2450, 2467, 2497, 2506, 2531, 2540, 2644, 2650, 2660, 2699, 2710, 2722, 2737, 2743, 2776, 2847, 2865, 2873, 2903, 2912, 2936, 3050, 3056, 3068, 3079, 3091, 3103, 3115, 3143, 3185, 3253, 3261, 3278, 3306, 3319, 3334, 3345, 3353, 3414, 3456, 3475, 3484, 3522, 3548, 3556, 3659, 3675, 3687, 3715, 3722, 3748, 3862, 3868, 3881, 3887, 3915, 3951, 3962, 3973, 4023, 4065, 4071, 4084, 4118, 4130, 4164, 4275, 4307, 4321, 4380, 4409, 4435, 4443, 4470, 4479, 4605, 4636, 4684]

-- 3140 (complete)
Table [[2,0,3,1,4], [0,3,1,4,2], [3,1,4,2,0], [1,4,2,0,3], [4,2,0,3,1]]
Proves [1, 43, 411, 427, 429, 467, 473, 511, 513, 556, 562, 614, 632, 639, 667, 679, 707, 714, 749, 775, 1020, 1023, 1026, 1085, 1109, 1113, 1117, 1120, 1131, 1223, 1229, 1239, 1278, 1289, 1301, 1316, 1322, 1355, 2238, 2247, 2254, 2293, 2300, 2331, 2338, 2370, 2383, 2441, 2444, 2467, 2503, 2507, 2511, 2530, 2534, 2538, 2847, 2855, 2865, 2873, 2900, 2913, 2928, 2940, 2982, 3050, 3056, 3068, 3079, 3091, 3105, 3116, 3128, 3140, 4283, 4343, 4358, 4380, 4398, 4405, 4435, 4442, 4470, 4482, 4531, 4544, 4608, 4635, 4677]

Table [[4,3,1,0,2], [2,0,3,4,1], [0,1,2,3,4], [3,2,4,1,0], [1,4,0,2,3]]
Proves [1, 203, 209, 219, 231, 614, 620, 633, 670, 704, 716, 817, 826, 833, 873, 880, 919, 1426, 1435, 1445, 1452, 1479, 1528, 3050, 3056, 3068, 3079, 3091, 3112, 3140, 3152, 3201, 4276, 4320, 4362, 4588, 4608, 4647]

