Table [[0,2,1,4,3,6,5],[3,1,5,0,6,2,4],[4,6,2,5,0,3,1],[6,5,4,3,2,1,0],[5,3,6,1,4,0,2],[2,4,0,6,1,5,3],[1,0,3,2,5,4,6]]
Proves [1,3,8,16,23,47,55,72,99,127,151,179,203,228,255,264,271,307,315,326,359,375,411,419,436,466,500,513,528,575,614,642,669,703,817,845,909,916,1020,1045,1075,1083,1122,1184,1223,1232,1239,1286,1325,1426,1434,1444,1525,1629,1647,1685,1691,1731,1780,1832,1840,1895,1921,1934,1949,2035,2064,2091,2098,2137,2238,2257,2263,2301,2327,2441,2460,2504,2540,2644,2673,2697,2743,2847,2876,2900,2936,3050,3059,3078,3105,3140,3253,3261,3278,3306,3319,3334,3353,3414,3456,3484,3522,3556,3659,3687,3715,3722,3862,3887,3915,3954,3962,4023,4065,4074,4081,4118,4157,4275,4307,4380,4409,4435,4470,4658]

Table [[0,2,3,1,5,6,4],[4,1,6,0,3,2,5],[5,0,2,4,6,1,3],[6,5,0,3,1,4,2],[1,6,5,2,4,3,0],[2,3,4,6,0,5,1],[3,4,1,5,2,0,6]]
Proves [1,3,8,23,26,47,63,75,99,102,151,160,203,212,255,258,263,307,326,359,362,375,411,427,439,467,510,614,617,667,716,817,826,870,919,1020,1029,1083,1112,1223,1226,1231,1286,1315,1426,1455,1489,1516,1528,1629,1632,1654,1658,1662,1692,1832,1838,1850,1861,1873,1922,2035,2044,2053,2060,2238,2267,2293,2301,2337,2441,2449,2457,2470,2485,2504,2644,2653,2663,2672,2847,2850,2863,2875,3050,3053,3058,3066,3075,3079,3083,3094,3253,3269,3281,3319,3345,3456,3459,3518,3522,3526,3548,3659,3668,3715,3722,3862,3871,3915,3924,4065,4068,4073,4118,4127,4131,4135,4146,4293,4380,4383,4435,4470,4585,4656]

Table [[0,2,3,4,5,6,1],[6,1,0,5,2,4,3],[1,4,2,0,6,3,5],[2,6,5,3,0,1,4],[3,5,1,6,4,0,2],[4,3,6,2,1,5,0],[5,0,4,1,3,2,6]]
Proves [1,3,8,14,23,29,47,53,66,99,105,115,151,170,177,203,219,221,255,273,281,307,313,326,359,365,375,411,417,430,466,477,489,614,620,630,669,680,692,707,746,817,836,843,873,880,1020,1036,1038,1073,1075,1113,1119,1152,1155,1223,1241,1249,1276,1316,1358,1426,1432,1442,1454,1481,1492,1504,1519,1558,1629,1635,1684,1695,1707,1719,1832,1848,1888,1894,1932,1977,2035,2051,2090,2097,2128,2135,2167,2180,2238,2256,2291,2303,2331,2373,2441,2457,2459,2494,2496,2534,2573,2576,2644,2707,2709,2734,2736,2847,2856,2863,2902,2909,2940,2947,2979,2992,3050,3066,3112,3142,3150,3195,3253,3259,3272,3308,3319,3331,3456,3462,3472,3511,3522,3534,3549,3588,3659,3678,3685,3715,3722,3862,3878,3880,3915,3917,3955,3961,3994,3997,4065,4083,4091,4118,4158,4200,4273,4293,4332,4380,4386,4435,4446,4458,4470,4588,4647]

Table [[0,2,3,4,5,6,1],[6,1,0,5,3,2,4],[1,5,2,0,6,4,3],[2,4,6,3,0,1,5],[3,6,5,1,4,0,2],[4,3,1,6,2,5,0],[5,0,4,2,1,3,6]]
Proves [1,3,8,14,23,29,47,53,66,99,105,115,151,170,177,203,219,221,255,273,281,307,313,326,359,365,375,411,417,430,466,477,489,614,620,630,669,680,692,707,713,746,817,836,843,873,880,1020,1036,1038,1073,1075,1113,1152,1155,1223,1241,1249,1276,1316,1358,1426,1432,1442,1481,1492,1504,1519,1558,1629,1635,1684,1695,1707,1719,1832,1848,1888,1894,1932,1977,2035,2051,2063,2090,2097,2128,2135,2167,2180,2238,2256,2291,2303,2331,2373,2441,2450,2457,2459,2494,2496,2534,2573,2576,2644,2707,2709,2734,2736,2847,2863,2902,2909,2940,2947,2979,2992,3050,3066,3112,3142,3150,3195,3253,3259,3272,3308,3319,3331,3456,3462,3472,3511,3522,3534,3549,3555,3588,3659,3678,3685,3715,3722,3862,3878,3880,3915,3917,3955,3994,3997,4065,4083,4091,4118,4158,4200,4273,4332,4380,4386,4435,4446,4458,4470,4588,4647,4658]

Table [[0,2,3,4,5,6,7,1],[4,1,6,0,7,3,5,2],[5,3,2,7,0,1,4,6],[6,7,4,3,1,0,2,5],[7,6,1,5,4,2,0,3],[1,4,7,2,6,5,3,0],[2,0,5,1,3,7,6,4],[3,5,0,6,2,4,1,7]]
Proves [1,3,8,23,47,63,99,118,151,159,203,222,255,274,307,326,359,375,411,427,467,503,614,633,667,706,817,825,870,883,898,1020,1039,1086,1119,1223,1242,1279,1312,1426,1451,1489,1516,1629,1657,1692,1722,1832,1860,1898,1922,2035,2043,2088,2101,2116,2238,2244,2293,2304,2316,2441,2447,2497,2506,2644,2669,2710,2737,2847,2853,2903,2912,3050,3076,3115,3143,3253,3269,3319,3355,3456,3475,3522,3555,3659,3667,3715,3722,3862,3881,3915,3954,4065,4084,4118,4157,4380,4399,4435,4470]

Table [[0,2,3,4,5,6,7,1],[6,1,5,7,3,0,4,2],[7,3,2,6,1,4,0,5],[1,6,4,3,7,2,5,0],[2,0,7,5,4,1,3,6],[3,7,0,1,6,5,2,4],[4,5,1,0,2,7,6,3],[5,4,6,2,0,3,1,7]]
Proves [1,3,8,23,47,73,99,125,151,159,203,229,255,271,307,326,359,375,411,437,476,504,614,640,676,704,817,825,910,917,1020,1046,1082,1110,1223,1239,1285,1323,1368,1426,1451,1479,1526,1587,1629,1657,1685,1729,1832,1860,1895,1925,2035,2043,2091,2098,2238,2241,2328,2330,2441,2450,2533,2541,2644,2669,2697,2744,2805,2847,2866,2900,2939,3050,3069,3105,3140,3253,3279,3319,3345,3456,3482,3522,3548,3659,3667,3715,3722,3862,3888,3915,3961,4065,4081,4118,4154,4380,4399,4435,4470]

Table [[0,3,4,6,1,2,7,5],[4,2,0,1,6,3,5,7],[5,6,7,3,2,1,4,0],[1,7,6,4,0,5,3,2],[2,4,3,7,5,0,6,1],[7,1,5,2,3,6,0,4],[3,0,2,5,7,4,1,6],[6,5,1,0,4,7,2,3]]
Proves [1,1020,1023,1046,1048,1083,1085,1109,1113,1117,2441,2444,2530,2534,2538,4276,4293,4321,4343]

Table [[0,1,2,3,4,5,6,7,8],[3,2,5,8,6,1,7,4,0],[1,4,6,2,0,7,3,8,5],[5,7,4,1,8,6,0,3,2],[8,5,1,0,7,2,4,6,3],[7,8,0,4,5,3,1,2,6],[2,6,7,5,3,4,8,0,1],[4,0,3,6,1,8,2,5,7],[6,3,8,7,2,0,5,1,4]]
Proves [1,47,75,1223,1242,1313,1325,2035,2091,2098,2137,4320,4362,4608]

