1 2
3 2
4 2
5 2
8 2
9 2
10 2
11 2
12 2
13 2
14 2
16 2
19 2
23 2
24 2
25 2
26 2
27 2
28 2
29 2
31 2
34 2
38 2
39 2
40 2
41 2
42 2
43 2
44 2
45 2
46 2
47 2
48 2
49 2
50 2
51 2
52 2
53 2
54 2
55 2
56 2
57 2
58 2
59 2
60 2
61 2
62 2
63 3
65 2
66 3
68 2
72 2
73 3
75 2
78 2
82 2
86 2
90 2
94 2
99 2
100 2
101 2
102 2
103 2
104 2
105 2
106 2
107 2
108 2
109 2
110 2
111 2
112 2
113 2
114 2
115 3
117 2
118 3
120 2
124 2
125 3
127 2
130 2
134 2
138 2
142 2
146 2
151 2
152 2
153 2
154 2
155 2
156 2
157 2
158 2
159 2
160 2
161 2
162 2
163 2
164 2
165 2
166 2
167 4
168 4
169 2
170 3
172 2
176 2
177 3
179 2
182 2
186 2
190 2
194 2
198 2
203 2
204 2
205 2
206 2
207 2
208 2
209 2
210 2
211 2
212 2
213 2
214 2
215 2
216 2
217 2
218 2
219 3
221 2
222 3
224 2
228 2
229 3
231 2
234 2
238 2
242 2
246 2
250 2
255 2
256 2
257 2
258 2
259 2
260 2
261 2
262 2
263 2
264 2
265 2
266 2
267 2
268 2
269 2
270 2
271 3
273 2
274 3
276 2
280 2
281 3
283 2
286 2
290 2
294 2
298 2
302 2
307 2
308 2
309 2
310 2
311 2
312 2
313 2
314 2
315 2
316 2
317 2
318 2
319 2
320 2
321 2
322 2
323 2
324 2
325 2
326 2
327 2
328 2
329 2
330 2
331 2
332 2
333 2
334 2
335 2
336 2
337 2
338 2
339 2
340 2
341 2
342 2
343 2
344 2
345 2
346 2
347 2
348 2
349 2
350 2
351 2
352 2
353 2
354 2
355 2
356 2
357 2
358 2
359 2
360 2
361 2
362 2
363 2
364 2
365 2
366 2
367 2
368 2
369 2
370 2
371 2
372 2
373 2
374 2
375 2
376 2
377 2
378 2
379 2
380 2
381 2
382 2
383 2
384 2
385 2
386 2
387 2
388 2
389 2
390 2
391 2
392 2
393 2
394 2
395 2
396 2
397 2
398 2
399 2
400 2
401 2
402 2
403 2
404 2
405 2
406 2
407 2
408 2
409 2
410 2
411 2
412 2
413 2
414 2
415 2
416 2
417 2
418 2
419 2
420 2
421 2
422 2
423 2
424 2
425 2
426 2
427 2
428 2
429 2
430 2
431 2
432 2
433 2
434 2
435 2
436 2
437 2
438 2
439 2
440 2
441 2
442 2
443 2
444 2
445 2
446 2
447 2
448 2
449 2
450 2
451 2
452 2
453 2
454 2
455 2
456 2
457 2
458 2
459 2
460 2
461 2
462 2
463 2
464 2
466 2
467 5
469 2
473 2
474 3
476 2
477 2
479 2
481 2
483 2
487 2
489 2
491 2
492 2
495 2
500 2
501 4
503 2
504 2
506 2
508 2
510 2
511 2
513 2
516 2
520 2
522 2
524 2
528 2
532 2
537 2
541 2
543 2
545 2
546 2
549 2
554 2
556 2
558 2
562 2
566 2
571 2
572 2
575 2
579 2
583 2
588 2
593 2
598 2
603 2
608 2
614 2
615 2
616 2
617 2
618 2
619 2
620 2
621 2
622 2
623 2
624 2
625 2
626 2
627 2
628 2
629 2
630 2
631 2
632 2
633 2
634 2
635 2
636 2
637 2
638 2
639 2
640 2
641 2
642 2
643 2
644 2
645 2
646 2
647 2
648 2
649 2
650 2
651 2
652 2
653 2
654 2
655 2
656 2
657 2
658 2
659 2
660 2
661 2
662 2
663 2
664 2
665 2
666 2
667 2
669 2
670 4
672 2
676 2
677 5
679 2
680 2
682 2
684 2
686 2
690 2
692 2
694 2
695 2
698 2
703 2
704 5
706 2
707 2
709 2
711 2
713 2
714 2
716 2
719 2
723 2
725 2
727 2
731 2
735 2
740 2
744 2
746 2
748 2
749 2
752 2
757 2
759 2
761 2
765 2
769 2
774 2
775 2
778 2
782 2
786 2
791 2
796 2
801 2
806 2
811 2
817 2
818 2
819 2
820 2
821 2
822 2
823 2
824 2
825 2
826 2
827 2
828 2
829 2
830 2
831 2
832 2
833 2
834 2
835 2
836 2
837 2
838 2
839 2
840 2
841 2
842 2
843 2
844 2
845 2
846 2
847 2
848 2
849 2
850 2
851 2
852 2
853 2
854 2
855 2
856 2
857 2
858 2
859 2
860 2
861 2
862 2
863 2
864 2
865 2
866 2
867 2
868 2
869 2
870 2
872 2
873 3
875 2
879 2
880 3
882 2
883 2
885 2
887 2
889 2
893 2
895 2
897 2
898 2
901 2
906 2
907 3
909 2
910 2
912 2
914 2
916 2
917 2
919 2
922 2
926 2
928 2
930 2
934 2
938 2
943 2
947 2
949 2
951 2
952 2
955 2
960 2
962 2
964 2
968 2
972 2
977 2
978 2
981 2
985 2
989 2
994 2
999 2
1004 2
1009 2
1014 2
1020 2
1021 2
1022 2
1023 2
1024 2
1025 2
1026 2
1027 2
1028 2
1029 2
1030 2
1031 2
1032 2
1033 2
1034 2
1035 2
1036 2
1037 2
1038 2
1039 2
1040 2
1041 2
1042 2
1043 2
1044 2
1045 2
1046 2
1047 2
1048 2
1049 2
1050 2
1051 2
1052 2
1053 2
1054 2
1055 2
1056 2
1057 2
1058 2
1059 2
1060 2
1061 2
1062 2
1063 2
1064 2
1065 2
1066 2
1067 2
1068 2
1069 2
1070 2
1071 2
1072 2
1073 2
1075 2
1076 5
1078 2
1082 2
1083 3
1085 2
1086 2
1088 2
1090 2
1092 2
1096 2
1098 2
1100 2
1101 2
1104 2
1109 2
1110 4
1112 2
1113 2
1115 2
1117 2
1119 2
1120 2
1122 2
1125 2
1129 2
1131 2
1133 2
1137 2
1141 2
1146 2
1150 2
1152 2
1154 2
1155 2
1158 2
1163 2
1165 2
1167 2
1171 2
1175 2
1180 2
1181 2
1184 2
1188 2
1192 2
1197 2
1202 2
1207 2
1212 2
1217 2
1223 2
1224 2
1225 2
1226 2
1227 2
1228 2
1229 2
1230 2
1231 2
1232 2
1233 2
1234 2
1235 2
1236 2
1237 2
1238 2
1239 2
1240 2
1241 2
1242 2
1243 2
1244 2
1245 2
1246 2
1247 2
1248 2
1249 2
1250 2
1251 2
1252 2
1253 2
1254 2
1255 2
1256 2
1257 2
1258 2
1259 2
1260 2
1261 2
1262 2
1263 2
1264 2
1265 2
1266 2
1267 2
1268 2
1269 2
1270 2
1271 2
1272 2
1273 2
1274 2
1275 2
1276 2
1278 2
1279 5
1281 2
1285 2
1288 2
1289 2
1291 2
1293 2
1295 2
1299 2
1301 2
1303 2
1304 2
1307 2
1312 2
1313 5
1315 2
1316 2
1318 2
1320 2
1322 2
1323 2
1325 2
1328 2
1332 2
1334 2
1336 2
1340 2
1344 2
1349 2
1353 2
1355 2
1357 2
1358 2
1361 2
1366 2
1368 2
1370 2
1374 2
1378 2
1383 2
1384 2
1387 2
1391 2
1395 2
1400 2
1405 2
1410 2
1415 2
1420 2
1426 2
1427 2
1428 2
1429 2
1430 2
1431 2
1432 2
1433 2
1434 2
1435 2
1436 2
1437 2
1438 2
1439 2
1440 2
1441 2
1442 2
1443 2
1444 2
1445 2
1446 2
1447 2
1448 2
1449 2
1450 2
1451 2
1452 2
1453 2
1454 2
1455 2
1456 2
1457 2
1458 2
1459 2
1460 2
1461 2
1462 2
1463 2
1464 2
1465 2
1466 2
1467 2
1468 2
1469 2
1470 2
1471 2
1472 2
1473 2
1474 2
1475 2
1476 2
1477 2
1478 2
1479 2
1480 4
1481 2
1482 2
1483 2
1484 2
1485 2
1486 4
1487 4
1488 2
1489 3
1491 2
1492 2
1494 2
1496 2
1498 2
1502 2
1504 2
1506 2
1507 2
1510 2
1515 2
1516 5
1518 2
1519 2
1521 2
1523 2
1525 2
1526 2
1528 2
1531 2
1535 2
1537 2
1539 2
1543 2
1547 2
1552 2
1556 2
1558 2
1560 2
1561 2
1564 2
1569 2
1571 2
1573 2
1577 2
1581 2
1586 2
1587 2
1590 2
1594 2
1598 2
1603 2
1608 2
1613 2
1618 2
1623 2
1629 2
1630 2
1631 2
1632 2
1633 2
1634 2
1635 2
1636 2
1637 2
1638 2
1639 2
1640 2
1641 2
1642 2
1643 2
1644 2
1645 2
1646 2
1647 2
1648 2
1649 2
1650 2
1651 2
1652 2
1653 2
1654 2
1655 2
1656 2
1657 2
1658 2
1659 2
1660 2
1661 2
1662 2
1663 2
1664 2
1665 2
1666 2
1667 2
1668 2
1669 2
1670 2
1671 2
1672 2
1673 2
1674 2
1675 2
1676 2
1677 2
1678 2
1679 2
1680 2
1681 2
1682 2
1684 2
1685 3
1687 2
1691 2
1692 3
1694 2
1695 2
1697 2
1699 2
1701 2
1705 2
1707 2
1709 2
1710 2
1713 2
1718 2
1719 3
1721 2
1722 2
1724 2
1726 2
1728 2
1729 2
1731 2
1734 2
1738 2
1740 2
1742 2
1746 2
1750 2
1755 2
1759 2
1761 2
1763 2
1764 2
1767 2
1772 2
1774 2
1776 2
1780 2
1784 2
1789 2
1790 2
1793 2
1797 2
1801 2
1806 2
1811 2
1816 2
1821 2
1826 2
1832 2
1833 2
1834 2
1835 2
1836 2
1837 2
1838 2
1839 2
1840 2
1841 2
1842 2
1843 2
1844 2
1845 2
1846 2
1847 2
1848 2
1849 2
1850 2
1851 2
1852 2
1853 2
1854 2
1855 2
1856 2
1857 2
1858 2
1859 2
1860 2
1861 2
1862 2
1863 2
1864 2
1865 2
1866 2
1867 2
1868 2
1869 2
1870 2
1871 2
1872 2
1873 2
1874 2
1875 2
1876 2
1877 2
1878 2
1879 2
1880 2
1881 2
1882 2
1883 2
1884 2
1885 2
1887 2
1888 3
1890 2
1894 2
1895 3
1897 2
1898 2
1900 2
1902 2
1904 2
1908 2
1910 2
1912 2
1913 2
1916 2
1921 2
1922 3
1924 2
1925 2
1927 2
1929 2
1931 2
1932 2
1934 2
1937 2
1941 2
1943 2
1945 2
1949 2
1953 2
1958 2
1962 2
1964 2
1966 2
1967 2
1970 2
1975 2
1977 2
1979 2
1983 2
1987 2
1992 2
1993 2
1996 2
2000 2
2004 2
2009 2
2014 2
2019 2
2024 2
2029 2
2035 2
2036 2
2037 2
2038 2
2039 2
2040 2
2041 2
2042 2
2043 2
2044 2
2045 2
2046 2
2047 2
2048 2
2049 2
2050 2
2051 2
2052 2
2053 2
2054 2
2055 2
2056 2
2057 2
2058 2
2059 2
2060 2
2061 2
2062 2
2063 2
2064 2
2065 2
2066 2
2067 2
2068 2
2069 2
2070 2
2071 2
2072 2
2073 2
2074 2
2075 2
2076 2
2077 2
2078 2
2079 2
2080 2
2081 2
2082 2
2083 2
2084 2
2085 2
2086 2
2087 2
2088 2
2089 4
2090 2
2091 5
2093 2
2097 2
2098 3
2100 2
2101 2
2103 2
2105 2
2107 2
2111 2
2113 2
2115 2
2116 2
2119 2
2124 2
2125 2
2126 4
2127 2
2128 2
2130 2
2132 2
2134 2
2135 2
2137 2
2140 2
2144 2
2146 2
2148 2
2152 2
2156 2
2161 2
2162 2
2163 2
2164 4
2165 2
2167 2
2169 2
2170 2
2173 2
2178 2
2180 2
2182 2
2186 2
2190 2
2195 2
2196 2
2199 2
2203 2
2207 2
2212 2
2217 2
2222 2
2227 2
2232 2
2238 2
2239 2
2240 2
2241 2
2242 2
2243 2
2244 2
2245 2
2246 2
2247 2
2248 2
2249 2
2250 2
2251 2
2252 2
2253 2
2254 2
2255 2
2256 2
2257 2
2258 2
2259 2
2260 2
2261 2
2262 2
2263 2
2264 2
2265 2
2266 2
2267 2
2268 2
2269 2
2270 2
2271 2
2272 2
2273 2
2274 2
2275 2
2276 2
2277 2
2278 2
2279 2
2280 2
2281 2
2282 2
2283 2
2284 2
2285 2
2286 2
2287 2
2288 2
2289 2
2290 2
2291 2
2293 2
2294 5
2296 2
2300 2
2303 2
2304 2
2306 2
2308 2
2310 2
2314 2
2316 2
2318 2
2319 2
2322 2
2327 2
2328 5
2330 2
2331 2
2333 2
2335 2
2337 2
2338 2
2340 2
2343 2
2347 2
2349 2
2351 2
2355 2
2359 2
2364 2
2368 2
2370 2
2372 2
2373 2
2376 2
2381 2
2383 2
2385 2
2389 2
2393 2
2398 2
2399 2
2402 2
2406 2
2410 2
2415 2
2420 2
2425 2
2430 2
2435 2
2441 2
2442 2
2443 2
2444 2
2445 2
2446 2
2447 2
2448 2
2449 2
2450 2
2451 2
2452 2
2453 2
2454 2
2455 2
2456 2
2457 2
2458 2
2459 2
2460 2
2461 2
2462 2
2463 2
2464 2
2465 2
2466 2
2467 2
2468 2
2469 2
2470 2
2471 2
2472 2
2473 2
2474 2
2475 2
2476 2
2477 2
2478 2
2479 2
2480 2
2481 2
2482 2
2483 2
2484 2
2485 2
2486 2
2487 2
2488 2
2489 2
2490 2
2491 2
2492 2
2493 2
2494 2
2496 2
2497 4
2499 2
2503 2
2504 3
2506 2
2507 2
2509 2
2511 2
2513 2
2517 2
2519 2
2521 2
2522 2
2525 2
2530 2
2531 5
2533 2
2534 2
2536 2
2538 2
2540 2
2541 2
2543 2
2546 2
2550 2
2552 2
2554 2
2558 2
2562 2
2567 2
2571 2
2573 2
2575 2
2576 2
2579 2
2584 2
2586 2
2588 2
2592 2
2596 2
2601 2
2602 2
2605 2
2609 2
2613 2
2618 2
2623 2
2628 2
2633 2
2638 2
2644 2
2645 2
2646 2
2647 2
2648 2
2649 2
2650 2
2651 2
2652 2
2653 2
2654 2
2655 2
2656 2
2657 2
2658 2
2659 2
2660 2
2661 2
2662 2
2663 2
2664 2
2665 2
2666 2
2667 2
2668 2
2669 2
2670 2
2671 2
2672 2
2673 2
2674 2
2675 2
2676 2
2677 2
2678 2
2679 2
2680 2
2681 2
2682 2
2683 2
2684 2
2685 2
2686 2
2687 2
2688 2
2689 2
2690 2
2691 2
2692 2
2693 2
2694 2
2695 2
2696 2
2697 2
2699 2
2700 3
2702 2
2706 2
2707 3
2709 2
2710 2
2712 2
2714 2
2716 2
2720 2
2722 2
2724 2
2725 2
2728 2
2733 2
2734 3
2736 2
2737 2
2739 2
2741 2
2743 2
2744 2
2746 2
2749 2
2753 2
2755 2
2757 2
2761 2
2765 2
2770 2
2774 2
2776 2
2778 2
2779 2
2782 2
2787 2
2789 2
2791 2
2795 2
2799 2
2804 2
2805 2
2808 2
2812 2
2816 2
2821 2
2826 2
2831 2
2836 2
2841 2
2847 2
2848 2
2849 2
2850 2
2851 2
2852 2
2853 2
2854 2
2855 2
2856 2
2857 2
2858 2
2859 2
2860 2
2861 2
2862 2
2863 2
2864 2
2865 2
2866 2
2867 2
2868 2
2869 2
2870 2
2871 2
2872 2
2873 2
2874 2
2875 2
2876 2
2877 2
2878 2
2879 2
2880 2
2881 2
2882 2
2883 2
2884 2
2885 2
2886 2
2887 2
2888 2
2889 2
2890 2
2891 2
2892 2
2893 2
2894 2
2895 2
2896 2
2897 2
2898 2
2899 2
2900 2
2902 2
2903 5
2905 2
2909 2
2910 5
2912 2
2913 2
2915 2
2917 2
2919 2
2923 2
2925 2
2927 2
2928 2
2931 2
2936 2
2937 4
2939 2
2940 2
2942 2
2944 2
2946 2
2947 2
2949 2
2952 2
2956 2
2958 2
2960 2
2964 2
2968 2
2973 2
2977 2
2979 2
2981 2
2982 2
2985 2
2990 2
2992 2
2994 2
2998 2
3002 2
3007 2
3008 2
3011 2
3015 2
3019 2
3024 2
3029 2
3034 2
3039 2
3044 2
3050 2
3051 2
3052 2
3053 2
3054 2
3055 2
3056 2
3057 2
3058 2
3059 2
3060 2
3061 2
3062 2
3063 2
3064 2
3065 2
3066 2
3067 2
3068 2
3069 2
3070 2
3071 2
3072 2
3073 2
3074 2
3075 2
3076 2
3077 2
3078 2
3079 2
3080 2
3081 2
3082 2
3083 2
3084 2
3085 2
3086 2
3087 2
3088 2
3089 2
3090 2
3091 2
3092 2
3093 2
3094 2
3095 2
3096 2
3097 2
3098 2
3099 2
3100 2
3101 2
3102 2
3103 2
3105 2
3106 4
3108 2
3112 2
3113 3
3115 2
3116 2
3118 2
3120 2
3122 2
3126 2
3128 2
3130 2
3131 2
3134 2
3139 2
3140 5
3142 2
3143 2
3145 2
3147 2
3149 2
3150 2
3152 2
3155 2
3159 2
3161 2
3163 2
3167 2
3171 2
3176 2
3180 2
3182 2
3184 2
3185 2
3188 2
3193 2
3195 2
3197 2
3201 2
3205 2
3210 2
3211 2
3214 2
3218 2
3222 2
3227 2
3232 2
3237 2
3242 2
3247 2
3253 2
3254 2
3255 2
3256 2
3257 2
3258 2
3259 2
3260 2
3261 2
3262 2
3263 2
3264 2
3265 2
3266 2
3267 2
3268 2
3269 2
3270 2
3271 2
3272 2
3273 2
3274 2
3275 2
3276 2
3277 2
3278 2
3279 2
3280 2
3281 2
3282 2
3283 2
3284 2
3285 2
3286 2
3287 2
3288 2
3289 2
3290 2
3291 2
3292 2
3293 2
3294 2
3295 2
3296 2
3297 2
3298 2
3299 2
3300 2
3301 2
3302 2
3303 2
3304 2
3305 2
3306 2
3307 2
3308 2
3309 2
3310 2
3311 2
3312 2
3313 2
3314 2
3315 2
3316 2
3317 2
3318 2
3319 2
3320 2
3321 2
3322 2
3323 2
3324 2
3325 2
3326 2
3327 2
3328 2
3329 2
3330 2
3331 2
3332 2
3333 2
3334 2
3335 2
3336 2
3337 2
3338 2
3339 2
3340 2
3341 2
3342 2
3343 2
3344 2
3345 2
3346 2
3347 2
3348 2
3349 2
3350 2
3351 2
3352 2
3353 2
3354 2
3355 2
3356 2
3357 2
3358 2
3359 2
3360 2
3361 2
3362 2
3363 2
3364 2
3365 2
3366 2
3367 2
3368 2
3369 2
3370 2
3371 2
3372 2
3373 2
3374 2
3375 2
3376 2
3377 2
3378 2
3379 2
3380 2
3381 2
3382 2
3383 2
3384 2
3385 2
3386 2
3387 2
3388 2
3389 2
3390 2
3391 2
3392 2
3393 2
3394 2
3395 2
3396 2
3397 2
3398 2
3399 2
3400 2
3401 2
3402 2
3403 2
3404 2
3405 2
3406 2
3407 2
3408 2
3409 2
3410 2
3411 2
3412 2
3413 2
3414 2
3415 2
3416 2
3417 2
3418 2
3419 2
3420 2
3421 2
3422 2
3423 2
3424 2
3425 2
3426 2
3427 2
3428 2
3429 2
3430 2
3431 2
3432 2
3433 2
3434 2
3435 2
3436 2
3437 2
3438 2
3439 2
3440 2
3441 2
3442 2
3443 2
3444 2
3445 2
3446 2
3447 2
3448 2
3449 2
3450 2
3451 2
3452 2
3453 2
3454 2
3455 2
3456 2
3457 2
3458 2
3459 2
3460 2
3461 2
3462 2
3463 2
3464 2
3465 2
3466 2
3467 2
3468 2
3469 2
3470 2
3471 2
3472 2
3473 2
3474 2
3475 2
3476 2
3477 2
3478 2
3479 2
3480 2
3481 2
3482 2
3483 2
3484 2
3485 2
3486 2
3487 2
3488 2
3489 2
3490 2
3491 2
3492 2
3493 2
3494 2
3495 2
3496 2
3497 2
3498 2
3499 2
3500 2
3501 2
3502 2
3503 2
3504 2
3505 2
3506 2
3507 2
3508 2
3509 2
3510 2
3511 2
3512 2
3513 2
3514 2
3515 2
3516 2
3517 2
3518 2
3519 2
3520 2
3521 2
3522 2
3523 2
3524 2
3525 2
3526 2
3527 2
3528 2
3529 2
3530 2
3531 2
3532 2
3533 2
3534 2
3535 2
3536 2
3537 2
3538 2
3539 2
3540 2
3541 2
3542 2
3543 2
3544 2
3545 2
3546 2
3547 2
3548 2
3549 2
3550 2
3551 2
3552 2
3553 2
3554 2
3555 2
3556 2
3557 2
3558 2
3559 2
3560 2
3561 2
3562 2
3563 2
3564 2
3565 2
3566 2
3567 2
3568 2
3569 2
3570 2
3571 2
3572 2
3573 2
3574 2
3575 2
3576 2
3577 2
3578 2
3579 2
3580 2
3581 2
3582 2
3583 2
3584 2
3585 2
3586 2
3587 2
3588 2
3589 2
3590 2
3591 2
3592 2
3593 2
3594 2
3595 2
3596 2
3597 2
3598 2
3599 2
3600 2
3601 2
3602 2
3603 2
3604 2
3605 2
3606 2
3607 2
3608 2
3609 2
3610 2
3611 2
3612 2
3613 2
3614 2
3615 2
3616 2
3617 2
3618 2
3619 2
3620 2
3621 2
3622 2
3623 2
3624 2
3625 2
3626 2
3627 2
3628 2
3629 2
3630 2
3631 2
3632 2
3633 2
3634 2
3635 2
3636 2
3637 2
3638 2
3639 2
3640 2
3641 2
3642 2
3643 2
3644 2
3645 2
3646 2
3647 2
3648 2
3649 2
3650 2
3651 2
3652 2
3653 2
3654 2
3655 2
3656 2
3657 2
3658 2
3659 2
3660 2
3661 2
3662 2
3663 2
3664 2
3665 2
3666 2
3667 2
3668 2
3669 2
3670 2
3671 2
3672 2
3673 2
3674 2
3675 2
3676 2
3677 2
3678 2
3679 2
3680 2
3681 2
3682 2
3683 2
3684 2
3685 2
3686 2
3687 2
3688 2
3689 2
3690 2
3691 2
3692 2
3693 2
3694 2
3695 2
3696 2
3697 2
3698 2
3699 2
3700 2
3701 2
3702 2
3703 2
3704 2
3705 2
3706 2
3707 2
3708 2
3709 2
3710 2
3711 2
3712 2
3713 2
3714 2
3715 2
3716 2
3717 2
3718 2
3719 2
3720 2
3721 2
3722 2
3723 2
3724 2
3725 2
3726 2
3727 2
3728 2
3729 2
3730 2
3731 2
3732 2
3733 2
3734 2
3735 2
3736 2
3737 2
3738 2
3739 2
3740 2
3741 2
3742 2
3743 2
3744 2
3745 2
3746 2
3747 2
3748 2
3749 2
3750 2
3751 2
3752 2
3753 2
3754 2
3755 2
3756 2
3757 2
3758 2
3759 2
3760 2
3761 2
3762 2
3763 2
3764 2
3765 2
3766 2
3767 2
3768 2
3769 2
3770 2
3771 2
3772 2
3773 2
3774 2
3775 2
3776 2
3777 2
3778 2
3779 2
3780 2
3781 2
3782 2
3783 2
3784 2
3785 2
3786 2
3787 2
3788 2
3789 2
3790 2
3791 2
3792 2
3793 2
3794 2
3795 2
3796 2
3797 2
3798 2
3799 2
3800 2
3801 2
3802 2
3803 2
3804 2
3805 2
3806 2
3807 2
3808 2
3809 2
3810 2
3811 2
3812 2
3813 2
3814 2
3815 2
3816 2
3817 2
3818 2
3819 2
3820 2
3821 2
3822 2
3823 2
3824 2
3825 2
3826 2
3827 2
3828 2
3829 2
3830 2
3831 2
3832 2
3833 2
3834 2
3835 2
3836 2
3837 2
3838 2
3839 2
3840 2
3841 2
3842 2
3843 2
3844 2
3845 2
3846 2
3847 2
3848 2
3849 2
3850 2
3851 2
3852 2
3853 2
3854 2
3855 2
3856 2
3857 2
3858 2
3859 2
3860 2
3861 2
3862 2
3863 2
3864 2
3865 2
3866 2
3867 2
3868 2
3869 2
3870 2
3871 2
3872 2
3873 2
3874 2
3875 2
3876 2
3877 2
3878 2
3879 2
3880 2
3881 2
3882 2
3883 2
3884 2
3885 2
3886 2
3887 2
3888 2
3889 2
3890 2
3891 2
3892 2
3893 2
3894 2
3895 2
3896 2
3897 2
3898 2
3899 2
3900 2
3901 2
3902 2
3903 2
3904 2
3905 2
3906 2
3907 2
3908 2
3909 2
3910 2
3911 2
3912 2
3913 2
3914 2
3915 2
3916 2
3917 2
3918 2
3919 2
3920 2
3921 2
3922 2
3923 2
3924 2
3925 2
3926 2
3927 2
3928 2
3929 2
3930 2
3931 2
3932 2
3933 2
3934 2
3935 2
3936 2
3937 2
3938 2
3939 2
3940 2
3941 2
3942 2
3943 2
3944 2
3945 2
3946 2
3947 2
3948 2
3949 2
3950 2
3951 2
3952 2
3953 2
3954 2
3955 2
3956 2
3957 2
3958 2
3959 2
3960 2
3961 2
3962 2
3963 2
3964 2
3965 2
3966 2
3967 2
3968 2
3969 2
3970 2
3971 2
3972 2
3973 2
3974 2
3975 2
3976 2
3977 2
3978 2
3979 2
3980 2
3981 2
3982 2
3983 2
3984 2
3985 2
3986 2
3987 2
3988 2
3989 2
3990 2
3991 2
3992 2
3993 2
3994 2
3995 2
3996 2
3997 2
3998 2
3999 2
4000 2
4001 2
4002 2
4003 2
4004 2
4005 2
4006 2
4007 2
4008 2
4009 2
4010 2
4011 2
4012 2
4013 2
4014 2
4015 2
4016 2
4017 2
4018 2
4019 2
4020 2
4021 2
4022 2
4023 2
4024 2
4025 2
4026 2
4027 2
4028 2
4029 2
4030 2
4031 2
4032 2
4033 2
4034 2
4035 2
4036 2
4037 2
4038 2
4039 2
4040 2
4041 2
4042 2
4043 2
4044 2
4045 2
4046 2
4047 2
4048 2
4049 2
4050 2
4051 2
4052 2
4053 2
4054 2
4055 2
4056 2
4057 2
4058 2
4059 2
4060 2
4061 2
4062 2
4063 2
4064 2
4065 2
4066 2
4067 2
4068 2
4069 2
4070 2
4071 2
4072 2
4073 2
4074 2
4075 2
4076 2
4077 2
4078 2
4079 2
4080 2
4081 2
4082 2
4083 2
4084 2
4085 2
4086 2
4087 2
4088 2
4089 2
4090 2
4091 2
4092 2
4093 2
4094 2
4095 2
4096 2
4097 2
4098 2
4099 2
4100 2
4101 2
4102 2
4103 2
4104 2
4105 2
4106 2
4107 2
4108 2
4109 2
4110 2
4111 2
4112 2
4113 2
4114 2
4115 2
4116 2
4117 2
4118 2
4119 2
4120 2
4121 2
4122 2
4123 2
4124 2
4125 2
4126 2
4127 2
4128 2
4129 2
4130 2
4131 2
4132 2
4133 2
4134 2
4135 2
4136 2
4137 2
4138 2
4139 2
4140 2
4141 2
4142 2
4143 2
4144 2
4145 2
4146 2
4147 2
4148 2
4149 2
4150 2
4151 2
4152 2
4153 2
4154 2
4155 2
4156 2
4157 2
4158 2
4159 2
4160 2
4161 2
4162 2
4163 2
4164 2
4165 2
4166 2
4167 2
4168 2
4169 2
4170 2
4171 2
4172 2
4173 2
4174 2
4175 2
4176 2
4177 2
4178 2
4179 2
4180 2
4181 2
4182 2
4183 2
4184 2
4185 2
4186 2
4187 2
4188 2
4189 2
4190 2
4191 2
4192 2
4193 2
4194 2
4195 2
4196 2
4197 2
4198 2
4199 2
4200 2
4201 2
4202 2
4203 2
4204 2
4205 2
4206 2
4207 2
4208 2
4209 2
4210 2
4211 2
4212 2
4213 2
4214 2
4215 2
4216 2
4217 2
4218 2
4219 2
4220 2
4221 2
4222 2
4223 2
4224 2
4225 2
4226 2
4227 2
4228 2
4229 2
4230 2
4231 2
4232 2
4233 2
4234 2
4235 2
4236 2
4237 2
4238 2
4239 2
4240 2
4241 2
4242 2
4243 2
4244 2
4245 2
4246 2
4247 2
4248 2
4249 2
4250 2
4251 2
4252 2
4253 2
4254 2
4255 2
4256 2
4257 2
4258 2
4259 2
4260 2
4261 2
4262 2
4263 2
4264 2
4265 2
4266 2
4267 2
4268 2
4269 2
4270 2
4271 2
4272 2
4273 2
4274 2
4275 2
4276 2
4277 2
4278 2
4279 2
4280 2
4281 2
4282 2
4283 2
4284 2
4285 2
4286 2
4287 2
4288 2
4289 2
4290 2
4291 2
4292 2
4293 2
4294 2
4295 2
4296 2
4297 2
4298 2
4299 2
4300 2
4301 2
4302 2
4303 2
4304 2
4305 2
4306 2
4307 2
4308 2
4309 2
4310 2
4311 2
4312 2
4313 2
4314 2
4315 2
4316 2
4317 2
4318 2
4319 2
4320 2
4321 2
4322 2
4323 2
4324 2
4325 2
4326 2
4327 2
4328 2
4329 2
4330 2
4331 2
4332 2
4333 2
4334 2
4335 2
4336 2
4337 2
4338 2
4339 2
4340 2
4341 2
4342 2
4343 2
4344 2
4345 2
4346 2
4347 2
4348 2
4349 2
4350 2
4351 2
4352 2
4353 2
4354 2
4355 2
4356 2
4357 2
4358 2
4359 2
4360 2
4361 2
4362 2
4363 2
4364 2
4365 2
4366 2
4367 2
4368 2
4369 2
4370 2
4371 2
4372 2
4373 2
4374 2
4375 2
4376 2
4377 2
4378 2
4379 2
4380 2
4381 2
4382 2
4383 2
4384 2
4385 2
4386 2
4387 2
4388 2
4389 2
4390 2
4391 2
4392 2
4393 2
4394 2
4395 2
4396 2
4397 2
4398 2
4399 2
4400 2
4401 2
4402 2
4403 2
4404 2
4405 2
4406 2
4407 2
4408 2
4409 2
4410 2
4411 2
4412 2
4413 2
4414 2
4415 2
4416 2
4417 2
4418 2
4419 2
4420 2
4421 2
4422 2
4423 2
4424 2
4425 2
4426 2
4427 2
4428 2
4429 2
4430 2
4431 2
4432 2
4433 2
4434 2
4435 2
4436 2
4437 2
4438 2
4439 2
4440 2
4441 2
4442 2
4443 2
4444 2
4445 2
4446 2
4447 2
4448 2
4449 2
4450 2
4451 2
4452 2
4453 2
4454 2
4455 2
4456 2
4457 2
4458 2
4459 2
4460 2
4461 2
4462 2
4463 2
4464 2
4465 2
4466 2
4467 2
4468 2
4469 2
4470 2
4471 2
4472 2
4473 2
4474 2
4475 2
4476 2
4477 2
4478 2
4479 2
4480 2
4481 2
4482 2
4483 2
4484 2
4485 2
4486 2
4487 2
4488 2
4489 2
4490 2
4491 2
4492 2
4493 2
4494 2
4495 2
4496 2
4497 2
4498 2
4499 2
4500 2
4501 2
4502 2
4503 2
4504 2
4505 2
4506 2
4507 2
4508 2
4509 2
4510 2
4511 2
4512 2
4513 2
4514 2
4515 2
4516 2
4517 2
4518 2
4519 2
4520 2
4521 2
4522 2
4523 2
4524 2
4525 2
4526 2
4527 2
4528 2
4529 2
4530 2
4531 2
4532 2
4533 2
4534 2
4535 2
4536 2
4537 2
4538 2
4539 2
4540 2
4541 2
4542 2
4543 2
4544 2
4545 2
4546 2
4547 2
4548 2
4549 2
4550 2
4551 2
4552 2
4553 2
4554 2
4555 2
4556 2
4557 2
4558 2
4559 2
4560 2
4561 2
4562 2
4563 2
4564 2
4565 2
4566 2
4567 2
4568 2
4569 2
4570 2
4571 2
4572 2
4573 2
4574 2
4575 2
4576 2
4577 2
4578 2
4579 2
4580 2
4581 2
4582 2
4583 2
4584 2
4585 2
4586 2
4587 2
4588 2
4589 2
4590 2
4591 2
4592 2
4593 2
4594 2
4595 2
4596 2
4597 2
4598 2
4599 2
4600 2
4601 2
4602 2
4603 2
4604 2
4605 2
4606 2
4607 2
4608 2
4609 2
4610 2
4611 2
4612 2
4613 2
4614 2
4615 2
4616 2
4617 2
4618 2
4619 2
4620 2
4621 2
4622 2
4623 2
4624 2
4625 2
4626 2
4627 2
4628 2
4629 2
4630 2
4631 2
4632 2
4633 2
4634 2
4635 2
4636 2
4637 2
4638 2
4639 2
4640 2
4641 2
4642 2
4643 2
4644 2
4645 2
4646 2
4647 2
4648 2
4649 2
4650 2
4651 2
4652 2
4653 2
4654 2
4655 2
4656 2
4657 2
4658 2
4659 2
4660 2
4661 2
4662 2
4663 2
4664 2
4665 2
4666 2
4667 2
4668 2
4669 2
4670 2
4671 2
4672 2
4673 2
4674 2
4675 2
4676 2
4677 2
4678 2
4679 2
4680 2
4681 2
4682 2
4683 2
4684 2
4685 2
4686 2
4687 2
4688 2
4689 2
4690 2
4691 2
4692 2
4693 2
4694 2
